277574	11
265992	2
216888	26
593980	4
323403	17
275796	4
211039	211
143423	1
402704	21
271830	368
380534	1
164915	2
262927	1
4476330	27
1991255	5
704264	1
4373873	1
4300206	2
300143	46
110361	5
228479	11
277584	3
187594	9
266896	3
786449	7
277589	1
267789	1
260156	6
185411	1
214715	70
173830	8
350149	2
196106	1
230759	9
1109864	8
1108974	98
271846	5
1111142	1
1110253	5
338071	1
4409418	1
318470	8
4345268	8
336292	11
4387246	2
328276	35
199181	6
346098	2
378273	6
306896	1
1142439	1
259772	20
289177	16
447776	1
348875	1
111267	1
899714	712
3919792	3
578857	1
276302	1
274521	1
157802	1
345804	3
272742	17
157804	2
344915	13
361845	1
180972	1
290566	1
1108984	1
192557	5
1857626	9
319378	8
1131759	6
269585	6
573010	1
341252	5
261064	5
531038	1
258899	3
194340	5
330564	4
277204	12
275423	14
264731	35
332349	1
161277	10
178306	1
291463	3
831409	18
361853	65
311859	11
167618	4
273648	18
262957	1
273649	1
16003	3
16006	1
817550	7
1107703	13
2575786	13
3998912	2
368490	4
2120775	2
4464787	10
701221	2
349783	7
2120779	11
351062	1
369389	1
348897	1
303841	5
326116	21
216524	598
267411	4
321664	1
187222	2
730733	1
185441	1
263850	12
197025	9
262960	7
188116	69
355625	1
182771	9
258508	2
274546	10
354736	2
165845	13
590951	1
270984	1
373449	1
273657	2
346719	7
265639	1
759751	7
253061	4
646499	48
519979	2
349798	1
4353913	10
152381	4
573034	2
355630	1
209408	46
353850	1
265641	19
187233	218
670156	1
155059	1
350188	23
720944	2
683621	50
344943	4
328905	15
570367	5
348508	79
362765	1
356529	1
183675	21
192585	1
352965	10
270993	13
175658	1
174768	1
1109505	2
827376	5
97315	30
969149	4
851031	17
3694603	91
309206	1
178331	11
833216	5
258522	2
331486	2
341287	1
261097	515
174770	3
182790	4
554338	1
279019	1
533847	4
173883	5
298723	19
230403	1
272787	11
1111191	18
274569	16
272788	1
1722623	2
97321	1
4432234	28
529796	3
235262	5
138144	1
153291	2
351094	9
168541	2
322585	14
177451	2
556126	1
661266	1
177453	2
196165	3
268336	5
266556	5
3040916	2
694337	3
262994	2
290210	364
271500	22
192203	2
192206	640
4450064	3
849770	9
523064	5
323481	5
275470	61
313685	2
267452	112
4481359	17
295075	1
720973	12
345862	16
742358	1
550793	2
562376	1
213896	120
275474	1
661278	1
246965	2
264787	586
290222	2
193103	6
263899	5
162811	3
192215	7
191325	62
1106862	5
1107755	11
1109539	3
96451	112
1107759	4
515059	2
523078	3
209446	3
268352	282
4355739	2
347655	1
346764	48
189057	12
269247	5
993831	1
300820	15
353896	2
258559	138
346769	1
331116	4
584765	3
331117	9
198963	284
262610	1
198964	2365
198966	1
162820	12
341913	15
1107761	37
172624	2
1105981	4
291128	8
263508	1
1105984	51
4410881	5
548133	2
317265	4
4435934	10
315485	11
267470	13
813654	3
316378	1
345882	36
196194	3
276386	20
348559	26
203713	1106
183321	1
372213	12
352612	1
242029	556
155701	5
164612	6
350834	2
262625	36
343709	1
47365	1
571905	78
1109559	11
326180	5
293918	1
318163	2
208571	35
4430498	3
4349517	4
335097	1
315496	8
523099	9
579431	8
70137	4
247883	46
509838	2
349458	1
329856	91
349459	2
820798	16
348568	12
197099	3
102049	13
174420	34
304408	469
341930	3
290253	1
273325	5
352624	45
351734	9
344607	131
261744	17
514192	1
17976	1
2374993	21
356590	5
4429719	11
277293	2
324013	37
259477	6
739826	10
133341	34
313324	1
277299	6
242046	2
310653	4
266203	34
215317	47
440840	3
355305	3
174432	12
270662	7
181568	2
4377150	8
196815	10
1107799	1
548161	1
308386	3
229088	3
217100	49
1076316	1
269285	1
331150	2
863682	19
338786	182
240271	2
516987	5
211761	37
316008	30
355312	1
217109	1
275123	5
194043	317
997439	6
186024	15
3172949	4
350862	1
193155	1
271563	9
171772	24
263546	1
264437	2
195931	239
4439530	1
195934	11
1108699	786
195938	15
1017413	9
818144	2
635495	3
1112757	35
322250	3
338796	174
267110	28
100296	18
268002	31
275131	5
258202	3
362450	1
311564	117
266223	2
258204	19
870421	1
412249	8
352652	4
154850	6
330279	4
582630	3
300877	2
471157	1
326816	2
276029	35
266229	199
851715	96
196831	2
189703	11
184259	1
333949	1
271579	8
179907	23
1517779	3
369090	1
1112762	10
97000	86
305330	6
1110988	1
214450	30
4401628	4
323154	15
234054	8
210890	1
326820	5
822217	1
322267	1
356226	495
210895	8
182483	9
345536	14
466811	7
271585	3
530866	1
175358	2
161993	7
1127021	4
153978	1
110706	5
519680	1
4477971	5
4379961	1632
4340153	21
2822804	1
528596	1
316037	2
2293557	1
329502	1
319702	14
345542	1
312476	1
276044	9
330296	36
336632	32
646800	1
276046	1
320497	3
317924	10
291195	1
175365	6
269911	2
743923	2
275159	1
379505	269
571965	10
162898	25
3906666	2
4407387	1
270303	9
179927	13
190114	83
3605008	1
2316624	9
1105659	7
1871227	1
321390	14
214471	152
259120	39
3176547	30
471180	10
510286	6
276052	31
178043	9
212694	10
137950	1
265363	9
274274	4
266255	10
531773	9
189730	1
309916	3
426638	1
185177	3
199532	2
351794	7
574644	1
655725	1
199534	1
176269	1
327739	11
383971	44
342887	9
102704	4
261402	1
277946	1
230118	3
300507	2
340706	4
538011	2
233191	17
4397402	2
703741	85
268043	36
568410	13
306259	4
352691	2
521982	1
50208	1
186077	1
185186	25
263595	13
197762	8
132114	34
187962	28
555945	38
294885	2
281015	5
4459184	3
351405	42
262308	1
340717	16
261419	3
260529	10
1107459	5
308042	28
193807	27
304480	2
52399	1
1111512	6
4480176	437
4355436	35
275180	1
817903	1
276077	3
274297	16
211422	4
188862	6
593376	34
227967	3
383992	1
530502	506
197775	1
231028	11
322900	63
263203	17
1107461	2
330921	3
368849	2
277967	10
342504	23
1115481	3
110748	2
908195	1
181237	3
1108356	53
251628	2
4446320	62
4479793	3
1105687	81
560906	34
372906	24
4421276	14
815132	3
1111522	16
308055	14
349142	65
3452788	5
259154	3
414089	51
345582	39
275194	8
267175	1
712677	2
347367	1
397363	1
198670	1
336676	5
398255	28
637934	5
176298	1
559527	16
197782	1
264101	5
179964	4
196893	4
825939	9
333602	15
187989	6
274901	12
233817	17
260547	14
262329	53
561808	3
307170	22
607540	48
193829	11
339351	9
276091	21
349153	14
206494	52
217186	21
239562	1
268074	2
732285	1
337572	6
407963	4
347375	1
177195	3
70830	4
318865	1
851782	11
141050	3
297580	16
303213	17
199572	1
585377	2
214116	138
898217	30
332720	7
271242	5
288677	9
170561	1
189778	10
382721	1
1108378	5
192941	6
275804	27
1113323	1102
1110650	30
1099674	6
3584772	2
258280	10
3141342	3
336691	16
4433878	2
214120	11
198690	34
336696	58
534498	16
749329	4
851794	1
343420	3
298486	2
215018	9
264123	1
242741	1
751601	3
216902	7
265018	97
173245	104
484304	330
276701	2
422727	630
195621	14
761408	1
351449	9
323829	279
292745	1
275819	14
2366688	48
588060	3
4389435	1
349175	36
4393892	1
348287	2
4296777	2
535399	13
408877	24
4296778	6
731014	1
312145	13
549756	280
272150	7
313037	5
795773	61
180381	6
531436	1
583213	7
273047	9
355019	47
4406161	1
344329	81
176925	2
274935	21
462939	3
526490	5
1105328	34
517583	2
846464	1
655793	5
4440624	2
301462	3
265030	55
305026	4
327401	29
133065	23
165241	2
343442	2
263252	3
347007	1
213258	2
269996	2
811219	2
265036	2
270382	2
306914	6
386313	1
351465	180
270385	16
454921	1
642922	1
152774	1
271277	1167
196533	1
189406	2
376516	57
350579	36
716286	3
319791	5
725198	4
849147	6
846477	1
567595	197
3392840	10
300582	18
676299	1
3392842	1
272171	2
354144	4
167034	2
336325	1
234751	5
214159	49
434336	17
264155	6
921813	1
272175	25
3392847	28
157238	2
266931	1
188523	3
441468	2
522549	1
199215	24
2808641	25
351478	1
191098	4
259805	9
169815	19
266935	2
383659	3
1111580	30
1105343	13
339001	1
4370257	1
370190	7
4343528	36
311286	1
355045	2
253471	2
313069	12
896489	1
593043	6
427219	1
289213	3
269611	1
272186	4
358712	17
174177	1
457614	3
340794	65
156357	2
352378	2
162595	30
589989	6
272188	32
260200	1
176952	3
268725	5
274965	1
177846	2
176957	2
260205	161
266948	38
260207	3
529192	1
32471	35
1067143	5
3550461	3
4356004	467
517210	31
305057	1
4393532	1
408513	33
354163	3
99508	4
592160	113
317633	49
273084	9
301498	1
174184	2
269621	1
259820	2
572561	3
314963	52
175077	2
199233	3
194780	1
581474	15
268733	24
563654	11
586920	1
450399	28
262399	3
216958	267
274972	6
210218	4
188548	24
267847	10
270015	3
578908	1
1106254	20
1038641	1
519000	13
182806	5
3084482	2
1110312	4
817995	1
667010	1
338133	111
1110317	2
308734	12
322991	10
421893	19
334575	11
196571	6
197463	3
276762	18
970951	6
587822	100
293697	1
276769	19
190835	2
4407703	16
527032	4
339031	31
1111216	1
418334	9
317653	1
264193	5
710584	12
333694	1
113111	1
265087	2
326567	1
276770	32
198363	7
275881	15
195691	18
185891	1
187673	91
195694	2
350224	1
258957	2
348948	71
590004	1
352008	8
270039	14
170248	17
133719	6
2963421	4
190844	1
263908	5
4433554	3
29937	3
347063	26
904931	16
344394	1
229455	3
568135	97
298163	7
204003	1
355089	28
397065	5
352010	1
229459	3
278563	350
619817	16
843459	13
352013	2
188576	1
358757	82
341322	19
275895	1
105109	19
321722	30
312814	1
1107175	41
16477	4
290647	20
182837	17
4342680	14
339050	2
4430891	1
308760	6
419245	167
158183	1
819404	1
346185	10
458550	7
585073	8
564581	1
814952	8
315896	15
254011	5
511510	2
189476	3
985239	2
350242	301
168984	22
259866	69
354800	19
321735	2
320844	8
372622	4
340447	24
586968	7
1108078	7
1068082	5
650615	5
303919	1
191753	2
265706	1
272834	11
271944	1
4416646	2
846141	2
318571	11
577060	3
1112139	27
826541	58
95995	1
40149	17
259870	23
336398	2
349862	4
258980	218
210262	9
269673	18
267892	19
539647	108
342231	53
696563	3
226404	1
341343	1
198398	6
189489	37
275511	1
276402	7
197105	2
421538	14
264823	34
353923	4
176615	1
191762	9
273737	5
4359731	3
329271	1
3377773	1
828333	3
328383	8
318583	14
129692	1
799034	84
743693	1
842596	8
349874	20
261161	1
314621	48
258995	1
536989	1
214835	3
363731	75
352049	60
273741	3
276414	132
206817	8
345913	56
346804	23
192664	2
584804	1
328391	10
738351	6
845273	8
1110378	236
577082	11
279492	5
202261	3
130091	316
343140	17
110492	5
270081	3
180092	626
234443	8
311961	14
570451	2
266621	28
275533	1
321768	7
195347	2539
354839	2
2686372	13
1110381	85
3149595	8
1012372	1
191789	1
2311550	19
1105038	19
339092	42
4345397	4
439880	3
309696	72
716984	15
333351	1
574021	51
268410	40
348602	1
331575	8
431368	1
340486	1
352069	83
188225	20
279107	43
261188	24
177533	9
794205	1
213966	1
169515	1
361972	3
353954	7
356627	19
197139	24
2816368	140
175758	2
388808	2
845291	1
617098	46
807874	1
309302	30
815898	5
237134	1
215750	5
529889	10
215751	329
580270	1
296041	36
547304	3
233573	30
187341	5
349503	19
277332	26
279115	3
186452	1
291591	2
574038	7
267536	1
353964	2
355746	6
542857	2
182893	533
390497	3
273776	1
210908	1
514242	34
301195	1
524044	2
228232	14
305750	5
712047	2
566022	2
4480555	1
109733	1
323573	1
262095	16
334267	2
4480557	3
587510	2
233587	16
321796	56
197157	8
179338	9
339718	103
277349	4
583953	1
187359	21
166869	2
24162	3
271602	37
260914	1
54563	78
190528	6
318231	58
4424327	39
204088	4
343183	5
529506	1
333387	1
159743	1
313787	1
340111	1
259536	13
189147	7
353982	10
263992	1
276466	9
214889	84
461795	1
356657	23
341007	1
808794	1
260927	1
1108747	1
319134	6
557130	6
4366524	2
288052	1
109753	1
205981	234
511594	25
275580	1
323595	2
355771	162
349537	1
338845	73
274694	8
295188	266
266676	38
211820	165
276478	47
241224	1
274697	1
300921	1
196289	13
298858	1
270733	1
263607	1
381219	2
290338	8
190547	1
1075891	1
1896700	2
514272	2
334292	4
335183	76
328055	1
334296	32
268462	1
434089	64
338852	11
275592	6
269359	11
186497	58
330333	104
166896	48
186499	164
312515	65
298865	1
195005	151
184314	2
262724	17
191445	2
182537	3
164718	3
4301298	12
392918	2
4446732	1
319153	4
2057787	3
308463	74
527751	3
610111	2
288075	2
268475	3
277385	2
345994	19
277388	7
511216	4
210950	437
212732	313
276499	10
354501	2
105813	4
578649	10
157999	2
184322	34
453405	33
192342	14
344703	10
261841	1
400739	4
310748	875
580920	1
274317	28
271647	18
270758	3
270759	12
66188	15
614083	1
309361	21
835154	1
457371	1
416286	24
4300017	8
449353	13
234121	39
306699	25
332132	9
512114	11
259578	3
330353	1
300952	3
185222	12
193242	4
360750	7
331248	4
271651	84
292145	6
275218	30
270764	2
183446	3627
270765	47
13120	2
1107895	1
1678333	15
814670	1
2368865	2
109792	1
307595	1
807548	1
317399	8
2883968	11
4440018	4
359376	9
332143	2
341053	4
314323	3
276110	7
338887	6
310760	9
443620	43
186122	1
289984	5
182560	1
336703	24
298896	1
178106	3
194145	2
192365	22
450755	8
372348	1
530947	7
4443094	2
662917	1
3576174	4
351859	44
2897332	5
1062061	2
407393	142
4315688	27
1106614	14
4455677	656
519763	5
317002	4
259593	6
588471	16
110192	2
315223	2
304532	4
110196	2
167420	26
463233	47
340176	6
333049	6
943989	6
442743	1
192372	2
321469	2
211876	27
271672	4
199600	4
187028	1
195047	1
4425280	4
970318	3
337609	4
327808	26
183467	2
262766	1
47100	1
260989	20
629361	1
1918929	7
2797559	67
339791	37
333053	1
325036	1
301870	17
267221	1
153075	7
301872	9
276134	9
322367	90
332168	18
263662	1
340189	4
343853	2
168326	9
345635	3
342962	6
851824	1
356329	1
273466	722
163874	10
229808	3
278912	7
372368	55
272576	10
387615	41
183478	1881
192389	1
343859	29
271689	20
180405	1391
4404401	21
180408	5
1077336	1
102192	2
232380	2
137043	2
322372	216
213671	3
355440	2
300990	12
340194	1
349204	1
321484	1
747987	13
348313	10
540770	1
268124	10
266343	2
470382	28
314359	6
351881	4
271692	12
261892	1
4337090	49
336736	29
577406	1
261894	2
872328	4
196950	426
1902400	6
4416396	47
199629	2
1108422	91
708680	2
1000113	6
317031	1
4383135	1
430194	23
366143	14
411486	71
321495	11
326940	3
333079	15
264572	4
174583	11
278931	2
461487	9
4308591	2
263687	5
352789	72
164788	110
310407	1
197855	14
340801	1
172403	1
1106654	19
4471351	6
4371562	4
571081	1
333085	1
355462	3
356353	30
454363	8
348336	9
355468	8
274387	78
155884	1
264586	32
397444	3
531888	5
198753	3
352799	15
261511	13
270423	1
271317	3
262409	11
45363	14
261519	1
2901239	14
2066374	31
700181	3
292807	168
4357315	7
207462	496
356360	1
347451	18
276172	1
313495	1
452592	2
265483	3
529219	7
277067	6
326964	6
275286	1
564961	1
179059	1
187078	1817
463289	1
345677	5
275288	18
320224	15
199654	1
662974	1
158569	3
326968	176
380021	5
540402	6
2901240	2
894735	2724
272213	1
321119	1
370225	5
171532	26
341713	6
271325	1734
162623	1
188969	7
4414240	22
262416	7
2901246	1
4414241	15
4414242	6
4384058	1
526552	7
346570	7
215495	19
248563	1
349246	7
335881	8
186194	1
269058	8
399245	1
198770	1
179069	154
828708	1
188973	7
164413	3
14094	3
1106683	18
511908	1
181348	3
270448	2
181349	1
291937	1
2122024	1
317073	18
305494	1
277081	92
637049	1
168383	6
339455	1
337673	13
232030	5
228972	9
259266	1
269068	1
344400	28
514988	14
4200918	36
336789	2
155511	1
1108470	2
320249	1
386788	3
173333	75
265106	5
274018	209
520827	18
530629	2
180466	2
1107586	4
2286580	117
194828	2
4343981	49
277090	212
2438948	19
259271	5
259275	5
348376	6
269078	3
319865	6
229874	13
813479	17
355100	1
330053	2
400443	10
274021	66
175120	1
303326	2
261551	5
340850	5
210665	464
180471	1
264225	24
175125	9
541328	1
340853	26
4309131	7
263337	3
334617	23
333726	33
276802	727
291950	1
334619	115
1127197	8
275913	55
373923	3
152859	1
38278	407
276808	5
1106302	11
160879	3
293737	12
187709	2
1114323	1
347490	15
347496	9
416994	3
330064	2
830014	99
300665	3
354225	247
231169	11
262454	3
352445	6
166226	1
350664	117
182268	1
145737	2
198406	2
162668	2
287507	4
309083	15
269091	1
259293	153
348393	18
835872	15
4430921	1
348398	5
356011	59
356012	309
264240	1205
305127	9
335521	6
364034	1
610842	2
697874	79
183163	37
779847	13
296420	130
261572	6
158217	1
272265	17
332854	32
261574	8
652823	14
331965	2
325728	8
192079	11
199307	96
4448250	3
190299	1
1008311	1
197528	7
278609	1
177927	16
292867	8
719058	1
3028318	3
1028915	4
4369956	4
589076	1
322062	10
232072	22
345330	509
106444	7
158222	1
264252	5
541354	2
672431	1
273164	1
333753	2
135952	124
342666	109
332865	19
289306	8
272279	3
276834	2
324849	28
196645	3
277729	18
381979	11
180107	1
4367187	1
28109	4
24546	23
588197	110
211593	11
314058	7
273171	2
301585	2
211595	1065
354256	9
310499	46
259910	13
203579	4
252684	89
175167	28
289315	5
259912	4
484444	2
269716	18
110514	2
396239	7
769075	6
514640	3
401384	23
337331	30
345350	21
338222	14
348025	1
445144	313
263380	186
524444	2
688993	3
176063	20
335553	1
316842	9
326644	1
274075	3
337336	3
168047	7
328428	19
570880	96
146665	24
310103	20
547714	5
259922	2
343577	1
332885	78
591376	1
177952	10
295564	162
374863	26
185972	2
185974	556
187759	2
1713225	1
261208	1
261209	9
170328	4
2923307	2
208042	2
1110412	2
2724618	9
302491	1
266060	1
355162	2
560092	1
317740	3
2093795	3
343581	33
274083	12
356055	16
655531	2
681370	1382
165383	13
167166	4
288442	4
276861	23
189544	2
186871	66
268844	3
262101	2045
832848	12
275974	51
268846	22
287558	2
260322	16
350314	20
111427	1
858190	2
380713	6
272905	51
205383	235
249142	1
569110	12
305177	3
533373	1
265182	21
353392	16
541394	1
324882	7
274095	4
584263	3
324884	23
209947	1
264298	187
662674	1
439924	8
324888	7
350320	9
275984	2
186886	2
275987	1
3868285	8
332507	18
580305	1
191833	3
830080	16
838200	2
215193	11
4451477	4
356073	1
325780	1
1111328	7
346275	80
347166	5
529921	4
826624	636
338258	93
355187	105
265197	1
245595	3
229559	1
334697	1
523589	14
343200	7
211234	1
538837	22
180150	3
268865	54
278667	3
321821	11
186896	1
340535	2
162335	14
195402	2190
193620	6
292521	3
571406	2
997909	1
193623	1
191841	1
806030	102
4428313	51
829302	8
4449803	46
229562	41
339156	10
772282	564
2140546	32
187790	3
337379	18
344101	24
353012	8
276894	628
177993	12
233623	1
322723	5
620319	1
196305	1
350349	153
592901	1
214919	7743
354905	1140
182945	4
608244	2
346291	1
338273	5
299171	1
238487	77
268880	4
766059	1
565585	5
995147	2
278684	351
323621	20
289379	3
353026	8
305803	9
532118	167
333426	4
135625	4
354911	8
251456	4
341448	737
166911	297
354913	1
2901970	1
275616	10
462727	477
276509	3
185628	1257
1111350	9
4425663	1
1106006	4
4438139	2
4359831	1
4359832	1
828435	7
328486	2
348088	21
327596	10
199391	14
279582	14
288492	21
335212	2
879327	2
823986	21
324522	43
324524	9
4481506	26
341453	2
582123	1
261265	317
325419	213
195433	14
197216	6
460953	93
186526	2
272953	7
265828	7
528071	1
191878	17
338290	8
209990	377
764292	1
4379449	9
204144	3
259993	1
337004	1353
344133	2
311068	26
330772	7
262166	4
320972	3
266720	21
307608	34
355822	1
248902	52
264940	525
264941	4
274744	29
178517	1
266726	30
730939	128
191887	4
106141	1
212170	33
228310	245
729559	12
548686	6
350381	13
269401	5
277420	18
512546	1
134762	7
267620	1
526902	2
260397	10
270199	2
296137	1
194563	1046
590168	20
534926	10
460975	2
196349	201
193678	10
191897	5
548692	5
107044	3
352171	1
1084865	4
4325509	25
350392	2
263074	34
316535	3
4365707	1
564334	3
138338	1
276542	7
176751	206
259614	9
193680	5
275653	1
820945	6
258725	6
288128	6
179426	17
462764	10
195465	1
269418	7
186555	6
374557	3
195466	1
258728	3
354957	21
399606	4
333471	39
353073	7
831641	3
327236	63
334365	2
319219	2
164187	1
259623	1561
324567	14
292591	1
553654	12
351299	2
259625	4
313878	186
189237	208
338926	5
354964	73
264974	2
183893	4
268538	42
162005	12
4418586	5
838281	4
73371	1
180824	6
827592	9
828483	11
191516	7
271706	4
4331760	2
4305923	7
307640	1
826302	20
345063	5
826303	1
575041	3
352192	8
233691	12
647215	1
335267	84
304973	1
4392458	1
832545	2
335268	1
822744	3
555445	1
349624	18
449417	1
369227	1
354971	9
588513	3
188355	1
315669	1291
231510	2
534957	1
275676	8
330417	33
331309	3
262801	35
4338003	24
262807	1
190637	1
182619	2
262809	6
329032	9
328143	1365
521491	3
155291	1
582181	11
348743	9
832558	1
279248	4
275684	1
196386	111
348748	173
339838	16
178568	2
640998	1
399637	9
569818	8
388945	208
273500	311
298954	108
640999	30
460611	1
430219	3
182621	1
310826	2
181733	4
48444	6
1066089	2
1110135	21
309441	108
198170	2
276580	6
413695	18
196390	5
196391	1
344198	60
4382678	11
536754	65
833458	2
306778	2
208769	1
546557	2
823658	1
215897	1075
101343	2
197286	6
295296	7
772972	1
342014	412
233313	59
453896	59
214603	9
444987	5
274400	12
16272	9
299858	2
352812	23
173722	1
271734	12
262825	4
343906	38
3029968	44
860192	1
822770	45
345095	1
465480	19
673084	1
573293	1
428953	23
350041	2
953855	5
571111	1
189279	17
382220	23
561312	1
660214	1
265503	2
220856	5
182649	1
318370	4
415491	3
327284	1
4449518	2513
659831	124
528756	13
103145	2
267694	4
1041659	11
585880	6
565289	2
568952	6
585881	9
189288	8
304612	2
216403	152
340254	35
857639	6
161164	1
315309	4
274422	17
375106	2
343923	2
4304085	3
1646255	8
272646	103
167509	18
175529	1
270866	56
1646259	1
172859	1
49369	3
329073	9
228391	28
1136109	14
278392	1
515299	1
288193	55
43628	11
348785	14
330460	35
268596	4
275321	148
277104	6
352840	1
265522	25
356404	17
352843	2
170089	1558
193358	4
581933	5
270876	20
4379143	1
2334610	2
459276	11
4390330	2
317104	4
51657	5
339886	43
325126	6
301960	12
327900	1
336810	93
277115	1
357305	12
352852	1
152278	33
196037	4
191583	1
199701	74
442846	1
192475	4
336817	6
264646	7
275339	354
262869	4
69980	3
2435303	13
527891	8
316224	1
128223	21
589475	15
544420	2
206633	1
400871	3
322464	4
269103	6
312665	154
322466	8
348404	20
155951	2
276236	44
310886	2
176444	5
229905	1
665703	75
351972	34
274455	58
188029	18
275349	5
264657	8
1110191	96
592649	7
4435199	3
826382	5
341180	13
51677	18
512253	8
268220	149
277130	7
342075	10
203970	7
258421	10
339503	1
814406	2
359105	130
551562	3
347523	4
184470	4
153187	8
294064	16
234269	161
780650	15
337724	32
311788	3
192494	1
261992	5
337727	9
194277	1
347529	294
851935	2
289714	21
444649	1
1137031	9
4469164	1
261999	2
4426298	16
4426299	89
260705	11
4424113	2
308224	51
349310	79
208434	32
553352	136
463361	6
277143	600
329712	20
543553	12
354662	3
335952	5
313578	4
631764	12
577512	22
175573	1
275366	1
571178	5
175575	3
298632	2
346648	18
273586	8
176468	2
298636	2
163997	4
110924	2
1109422	4
360504	1
1105860	120
271406	2
181419	1
270519	52
4466103	98
2137746	1
228043	31
326055	31
580090	2
276260	13
518613	3
891150	1
517722	9
616624	1
214684	3
1098946	4
356454	1
264684	1
634449	1
509709	1
265576	1
335966	3
195189	6
335967	113
330116	2
344879	1
410307	2
389529	3
174699	7
295974	8
181423	6
573969	9
4202174	2
4402751	5
514061	11
548021	1
538223	3
643362	3
1032415	9
308249	9
579311	2
277163	4
347553	10
234298	162
851961	2
134101	20
268257	25
331013	3
214699	2
267368	1
300722	8
835928	8
203605	11
263403	9
221429	1
470117	2
1126373	1
4326132	2
173417	120
4319005	1
352509	103
242917	2
194903	2
808202	19
548032	28
137183	1
334096	1
329741	8
700298	1
1582779	1
337762	2
267373	12
258463	58
169364	1
564077	1
336872	7
269156	9
329746	1
322112	6
188078	1
784256	34
510114	6
339549	6
541403	1
271430	1
185004	7
271431	10
575768	14
192133	1
274106	2
263415	15
342716	1
1571092	378
333807	3
591405	1
272328	14
180555	56
209361	1
1121530	1
315390	25
307373	2
269161	2
804653	1
416078	2
277181	6
356481	1
1142029	2
216495	29
345791	1
524884	5
409947	11
312322	33
212532	15
312325	2
263420	1
183231	1
273223	17
541415	1
350741	3
271443	1
272334	178
234912	13
156505	3
260752	48
193038	1
155616	5
262537	5
590527	1
4447432	1
196709	1
4338733	12
724472	2
269172	9
208486	24
209377	153
4420206	4
314110	2
269176	1
649732	2
72820	15
337784	27
741001	2
584692	1
331043	9
215214	816
356498	22
578457	2
178299	1
265211	213
273232	201
561027	1
291054	1
352533	2
197600	38
185029	1
174337	156
187807	4
349372	12
1111754	9
259382	273
568662	2
278098	4
268297	6
169398	299
343630	3
191270	2
326702	1
190380	15
340960	12
270571	26
320369	37
274136	16
372146	20
211667	9
273246	820
350763	20
344527	29
261664	8
593216	4
564704	8
262556	9
264339	1
290178	2
351659	92
97294	40
1107303	7
4465275	5
616682	2
686281	42
43339	1
656881	2
320371	1
266120	8
206324	310
411254	35
320373	2
91557	10
184151	4
423830	41
316911	1
193063	1
337407	1
260781	6
274147	1
199403	20
271476	1
195840	17
571843	3
575407	27
196733	44
352559	10
263459	10
554916	1
49088	6
329790	1
728069	7
307012	3
839545	8
510162	1
4311539	1
224155	5
259006	7
335632	18
345434	1
353453	8
732128	7
271482	10
236734	48
316925	4
105659	9
268910	11
325836	43
278712	29
467605	1
295642	9
367814	2
178926	3
4471130	1
207232	97
214360	24
357020	4
4471135	8
380190	1
4471139	5
813217	3
733028	1
326732	2
271490	4
334751	8
820346	27
176154	953
174374	1
346337	122
577206	1
175267	1
833816	1
565625	6
269814	41
585229	1
269815	3
270200	2
198537	14
1105552	3
194978	4876
616310	10
609589	19
4401548	15
405046	5
338321	2
216155	6
313274	26
275061	5
209028	6
446135	2
356144	64
528109	1
267046	3
545038	38
454156	4
168145	3
676115	4
316946	11
264378	3
342786	22
342787	135
538907	1
271101	2
2978254	2
269828	28
179838	3
350404	1
270215	21
270219	32
192803	2
209030	29
4324036	1
4432841	2198
4364237	3
617216	1
206367	1
327642	2
357046	1
364175	1
212201	8
345466	1
339229	9
433676	21
398138	2
557627	6
199445	9
876705	7
383885	389
272004	13
171322	45
179848	13
261315	7
178959	3
382998	5
330816	2
291715	2
193705	5
4300883	29
13986	18
4403349	6
214392	1
339231	5
1029949	27
348142	51
913036	39
349036	1
356164	5
338345	1
327656	14
338348	7
230031	6
680592	2
4376828	497
324985	16
278753	6
343699	1
263102	19
342404	19
202419	4
263106	18
352207	2
332608	28
2879379	1
273902	15
273904	8
4322275	14
1105589	61
13995	2
608323	129
839598	10
305288	48
539820	2
514773	2
259056	45
337465	6
2391105	4
425675	3
830189	71
258169	6
449833	6
268962	16
263111	540
211335	104
271131	145
324999	4
331720	408
182033	6
276985	10
211339	309
180257	1
175901	6
270248	689
271139	62
4413164	21
192832	11
4405146	2
28258	1
839200	1
191948	33
207284	1
543291	2
745650	1
207288	6
299261	3
318764	25
356187	4
318766	15
772384	3
268971	3
263120	1
110660	4
326788	5
312027	11
299267	1
452014	58
264014	45
188785	251
189677	2
276996	10
136604	5
154424	6
260454	33
371930	3
260456	2
186602	7
331737	19
342429	57
275707	1
4426641	1619
194628	18
4388431	1
191958	24
4321001	30
217096	30
1111448	38
528157	3
545089	25
578155	2
228785	4
613697	22
228787	1
158399	1
584396	1
576377	4
772398	37
261350	1
314810	85
589848	1
231952	11
164237	2
262247	10
3529330	4
291750	1
1828413	2
4306262	35
331747	5
177704	39
1106101	2
4316067	61
1737536	2
509452	45
338382	31
337494	5
229683	7
4310326	1944
259087	6
344220	1
335311	1
298395	2
228798	31
353131	5
584001	4
930600	1
182061	10
213147	14
541135	275
352244	3
999814	7
245324	33
582222	1
264036	1
321952	12
182065	5
261365	10
197318	5
1845355	41
266816	219
193756	3
4335781	1
183958	14
175939	4
839233	4
917641	1
328598	38
299295	1
345121	14
301363	4
548775	6
147321	22
336214	2265
522433	7
331760	1
332651	7
238205	4
297111	1
345126	2
778758	3
188410	4
211378	6
136633	20
565304	1
174056	2
276620	1
226626	9
186630	5
323747	8
182079	1
195543	12
466409	6
274844	25
2645483	2
273954	5
176836	3
194656	39
276629	2
2645488	77
1107018	35
1113256	768
658370	18
48899	1
56512	12
4354103	2
409686	1
2075740	9
568383	3
272072	20
264055	1
314842	3
105358	55
158027	3
730049	10
269501	46
331772	2
576007	108
342467	1
179513	1
265940	1
332666	5
197334	1
171396	11
316629	1
342469	7
185754	5
194665	3
274857	30
1112373	2
657491	1
317522	1
263171	2
322870	27
155362	1
268620	4
344256	6
4390754	77
331782	11
653533	152
4390755	654
571563	3
182097	6
263179	2
339905	21
453955	71
151401	1
2334040	2
185767	12
519290	1430
1112389	1
49406	12
827689	131
255161	5
622256	3
531374	4
157154	10
263184	1
345158	2
297143	3
348821	127
321992	48
326448	1
293580	55
176860	35
267743	1
199137	18
455746	5
175972	6
276656	3
194684	1
1995182	2
708190	84
185777	12
176868	3
1113282	227
192504	4
271804	5
525142	1
303184	7
115186	187
4380971	4
421792	657
394270	54
278440	2
536831	3
295370	1
755126	3
4380976	14
261010	1
694641	11
188457	1
179547	2
258849	1
273997	40
271811	5
182712	4
304080	5
820070	2
333590	1
512682	2
318445	1
297160	5
353195	1
319337	5
525159	1
301012	3
317556	4
227565	5
562681	11
3293888	1
813944	19
279344	100
225786	7
771177	19
295384	58
269546	6
176886	2
267769	36
196489	3
350127	9
593977	3
352902	7
271822	20
2154095	1
164904	6
180944	1
20421	3
329144	1
407556	1
198271	1
354097	3
336277	1
512695	6
196491	3
307768	3
