277574	29
323400	1
265992	1
593980	1
341223	2
323403	363
211039	402
222721	1
275796	2
402704	10
233415	5
271830	976
518040	5
4476330	30
1991255	20
405780	9
4300206	1
300143	4
267781	7
110361	4
228479	27
277588	57
266896	5
277589	1
786449	50
581014	1
322525	2
260156	4
214715	82
173830	1
310945	2
350149	74
4401294	1
262935	31
271846	6
191656	23
1110253	39
591818	8
318470	26
4345268	5
336292	1
509149	1
328276	260
199181	67
378273	1
259771	1
3195500	10
259772	25
269576	4
447776	5
348875	8
315405	1
899714	1030
3919792	270
233435	5
578857	9
353820	376
274521	30
345802	78
3919797	34
272742	9
345804	17
352933	3
157804	13
193444	3
192557	10
180975	8
272749	5
181868	7
4308745	1
1857626	3
296909	2
319378	51
189392	10
343030	1
95502	1
579750	7
95503	3
269585	51
563210	3
341252	98
277200	10
261064	11
531038	3
570341	2
324326	9
330564	3
258899	4
277204	20
275423	5
831409	4
171079	18
361853	239
311859	52
167618	5
271866	2
272757	2
273648	24
273649	1
4484382	3
817550	9
529761	5
368490	4
4464787	28
701221	6
349783	56
351062	99
1040889	1
369389	4
303841	2
326116	32
216524	326
188112	2
267411	21
522138	3
187222	99
355621	5
185441	2
186332	5
277215	17
197025	65
263850	19
262960	6
188116	67
276325	47
182771	32
258508	7
354736	39
274546	12
364538	1
346719	37
273657	26
270984	6
272768	62
888055	1
759751	12
104164	3
646499	89
349798	16
301079	2
307416	9
355630	2
322564	4
209408	13
187233	66
265641	19
350188	159
683621	4
187235	4
720944	9
262970	1
177435	1
328905	8
348508	15
570367	4
192585	3
183675	88
270993	7
1109505	2
3694603	37
309206	1
326136	1
178331	5
833216	75
186351	1
189024	84
258522	8
197043	1
331486	2
341287	1
261097	2763
174770	1
844902	1
182790	3
443853	1
183682	2
279019	7
263873	1
264764	23
533847	18
230403	1
272787	51
1111191	44
274569	13
192598	5
272788	3
38415	4
4432234	48
235262	1
331491	16
335057	1
306545	1
556126	1
177451	1
168541	3
322585	67
213885	2
337834	6
196165	34
694337	11
273686	2
262994	11
194388	1
271500	19
192206	501
192209	1
171718	3
849770	44
368134	1
275470	20
267452	176
4481359	41
345862	1
720973	27
550793	6
573068	2
110034	1
562376	5
213896	85
267457	1
508918	1
275476	126
296960	1
246965	5
264787	1403
183302	10
341902	6
1106861	3
191325	541
1106862	11
1109539	2
260828	1
96451	34
534760	1
209446	1
515059	2
268352	3
269243	375
177473	1
269247	1
347655	5
189057	12
346764	112
551696	1
274597	2
258559	184
584765	9
198963	333
331117	62
198964	2414
182420	12
162820	124
1107761	244
341913	19
172624	8
1105981	3
263508	7
1105984	193
4410881	1
307462	23
317265	7
4435934	20
267470	2
315485	11
187281	95
813654	56
345882	17
266583	10
196194	15
279059	6
276386	60
348559	1
203713	220
372213	7
303508	1
242029	1330
352612	127
164612	5
260842	8
272428	13
571905	13
1109559	9
318163	4
316381	2
208571	34
4430498	19
315496	32
523099	14
579431	16
366386	4
247883	28
509838	1
329856	2
322223	1
349459	445
820798	6
102049	1
273320	1
211743	1
174420	67
304408	305
172640	4
352624	25
351734	3
344607	3
262639	1
4303981	4
195919	3
356590	71
4429719	20
324013	6
259477	6
133341	5
276000	23
739826	10
313324	8
213533	5
310653	3
242046	50
266203	2
215317	370
440840	23
355305	1
174432	14
266206	40
185126	7
270662	17
272444	6
185127	2
582616	1
4377150	13
196815	5
217100	35
269285	6
331150	5
863682	102
312440	2
268396	5
338786	68
516987	1
302641	73
240271	7
3172943	3
316008	1
211761	9
275123	252
304427	4
174441	1
232257	2
299687	1
997439	2
194043	387
186024	72
276016	1
3172949	8
271563	4
851704	2
171772	50
181574	1
263546	5
264437	13
361556	1
270676	1
195931	211
198604	2
564806	2
582627	1
1069592	6
195934	2
1108699	5
195938	6
818144	1
1112757	40
635495	26
269294	7
206421	1
338796	870
100296	33
258202	6
275131	27
311564	4
312455	34
611931	1
266223	3
258204	74
352652	2
275136	7
851715	4
266229	1267
153965	2
271579	39
181589	1
179907	20
309290	16
1517779	2
4466275	7
1112762	1
4390141	4
339695	5
1110988	1
214450	10
323154	120
234054	88
267121	9
326820	1
356226	203
466811	7
530866	6
271585	11
161993	572
110706	3
4477971	28
4379961	11
4340153	15
528596	10
320490	39
4296701	1
329503	2
516613	1
319702	3
312476	4
336632	60
264461	61
217139	32
212686	5
271592	14
268029	8
175365	22
266247	1
547903	1
269911	14
157546	7
379505	173
275159	67
162898	6
190112	29
270303	5
196856	6
179927	21
190114	21
181205	1
181206	11
190116	43
3605008	1
539296	2
1105659	22
214471	932
259120	80
276050	34
3176547	42
178043	1
212694	14
265363	24
356245	2
522863	1
266255	33
531773	18
189730	6
309916	19
273385	29
185177	1
199532	159
265367	14
351794	16
345557	4
175377	2
265368	6
655725	1
199534	1
273388	1
383971	29
327739	102
342887	12
102704	1
4460560	63
233191	38
703741	37
259132	22
268043	76
568410	21
352691	2
335762	3
521982	2
329528	3
185186	32
339329	230
263595	22
264489	5
195982	9
130335	4
197765	2
351405	188
179949	2
261419	5
260529	12
1107458	9
1107459	1
308042	19
193807	13
447141	6
4355436	779
178061	2
259148	9
274297	331
211422	21
593376	6
188862	57
227967	9
383992	5
272111	9
530502	20
263203	193
322900	53
231028	23
189757	4
1107461	6
342504	25
330921	19
277967	3
269949	2
263207	21
164308	2
1108356	8
360329	57
4479793	7
1105687	120
560906	17
184905	1
372906	41
4421276	2
1111522	1
349142	57
3452788	1
337561	32
4471279	2
414089	278
259154	5
315189	1
834840	1
345582	249
267175	12
712677	6
198670	3
397363	58
4395648	1
588038	1
637934	4
398255	23
197782	1
179964	6
199567	5
175005	3
274901	22
260547	33
233817	35
192930	20
307170	1
4356342	7
193829	2
607540	118
339351	91
349153	5
217186	10
206494	119
276091	50
337572	61
1110647	14
407963	38
70830	1
588045	2
141050	2
320141	50
297580	8
303213	3
267188	11
199572	2
1081348	2
214116	1747
898217	8
585377	24
520720	1
210554	9
4407030	2
189778	1
382721	6
1108378	17
275804	16
196508	2
1110650	4
1113323	12
3150250	4
1099674	28
258280	14
3141342	8
268083	2
336691	133
4433878	1
309963	6
214120	27
534498	2
336696	144
851794	1
343420	11
269973	81
335401	96
101860	4
215018	90
216902	18
191064	21
271255	5
265018	1
189789	2
173245	14
484304	5
276701	11
422727	1539
195621	9
186711	12
177802	6
761408	3
351449	49
193842	1
323829	637
275819	12
518460	1
2366688	2
588060	13
4389435	5
349175	64
4393892	31
535399	18
408877	7
312145	1
345211	5
549756	146
795773	100
264134	5
574302	1
180381	24
199599	10
355019	388
366702	1
344329	1991
333638	3
261467	11
193853	1
364926	1
176925	18
274935	59
1844565	1
462939	3
1105326	1
526490	2
1105328	126
517583	1
259195	1
304131	1
846464	1
539962	3
313044	18
655793	20
305026	4
265030	144
4440624	8
359984	2
133065	10
165241	8
343442	5
263252	29
269996	1
347007	1
213258	1
272164	1
265036	22
306914	70
351465	60
571642	5
270385	59
271277	4
196533	5
376516	59
189406	6
268706	11
319791	5
849147	5
205241	2
567595	6
345231	1
107235	20
3392842	1
272171	5
318503	25
354144	75
167034	31
325633	1
698676	1
214159	22
296330	4
264155	23
3392847	1
265047	2
272175	28
434339	7
315837	1
522549	1
441468	8
186742	1
232975	1
331878	1
169815	204
366727	1
188527	1
383659	3
274958	1
1105343	25
185859	9
436121	1
304156	2
321086	3
211494	1
4343528	117
311286	10
4334618	9
355045	2
102794	4
547601	17
896489	1
272184	69
593043	24
269611	2
289213	1
268720	62
427219	39
358712	79
174177	1
457614	5
340794	92
156357	9
208927	1
188533	1
584137	26
352378	58
162595	24
332776	47
272188	13
268725	34
269616	15
1657484	2
177846	1
176957	11
260205	1119
266948	71
260207	13
32471	47
1067143	1
4356004	5
517210	5
4334624	22
346141	1
408513	322
354163	29
272192	5
99508	3
317633	143
592160	32
548503	3
259820	1
314963	25
199233	19
197452	1
175078	14
563654	18
581474	9
586920	3
450399	114
216958	915
274972	3
1657493	1
267847	49
188548	84
270015	3
194787	15
275869	111
1106254	12
4338598	1
519000	2
182806	21
3084482	14
1110312	3
817995	5
338133	481
1110317	1
308734	1
322991	4
334575	298
421893	29
359624	1
366752	1
1846390	1
583266	2
587822	188
275873	29
268747	2
1108042	7
196578	3
276769	1
173900	11
193509	1
4407703	39
339031	701
1111216	7
326561	2
418334	55
821067	1
353292	2
317653	2
710584	6
334582	13
265087	3
113111	4
209845	1
333695	1
326567	5
167078	3
229449	3
198363	13
342200	1
275881	1
188564	2
270030	16
187673	61
268755	1
195694	10
259846	6
348948	1
258957	55
322604	1
352008	1
270039	41
312809	13
4306036	28
2963421	137
183716	19
263908	17
4433554	1
29937	2
229452	3
575261	1
229455	1
4386437	1
843454	5
568135	139
298163	10
397065	13
352010	1
335488	1
308759	1
498743	1
261132	1
341322	1
358757	27
275895	1
321722	4
258969	1
178779	5
1107175	34
181940	10
16477	1
1112121	1
182837	6
339050	6
308760	2
419245	166
318563	2
319454	7
346185	5
585073	13
62513	1
315896	49
511510	13
352022	1
189476	95
510622	1
259866	4
350242	277
985239	6
1106290	56
276798	5
354800	59
321735	1
320844	9
372622	2
340447	26
586968	24
1068082	2
175712	1
1108078	45
650615	20
273724	1
272834	210
271944	17
185519	1
4416646	3
846141	1
318571	3
826541	79
1112139	72
299070	3
4375764	4
95995	1
259870	196
269673	69
349864	120
539647	19
267892	12
696563	1
178794	11
340451	68
334215	3
341343	56
198398	2
189489	127
313724	10
276402	319
350256	5
421538	3
353923	8
195325	24
191762	10
273737	58
1105016	17
593709	1
318583	14
799034	55
842596	9
333330	1
349874	1
573110	1
314621	18
258995	4
163153	7
352049	1
363731	143
214835	97
291561	2
206817	1
273741	11
276414	44
345913	90
346804	7
192664	38
584804	2
174847	5
328391	11
239291	7
738351	3
845273	6
1110378	990
566391	1
130091	4
102471	2
343140	49
332450	1
110492	1
200484	1
270081	10
988932	1
215731	1
234443	2
180092	531
311961	19
332454	5
266621	57
275533	31
197126	7
791522	3
544616	5
321768	28
263953	11
195347	3525
174854	11
264846	2
2686372	3
2311550	6
1105038	6
339092	166
21464	3
439880	12
529873	1
716984	33
333351	9
574021	12
268410	14
331575	1
259504	4
352069	7
275543	1
276434	3
279107	1
261188	27
274652	45
188225	20
177533	4
353954	369
356627	8
197139	9
2816368	101
175758	3
388808	18
211191	3
1107829	1
309302	44
215750	20
215751	2664
580270	2
296041	75
187341	2
332475	162
349503	15
277332	4
294262	1
356632	9
279115	5
185561	2
268425	2
354854	1
267536	1
355746	1
165963	1
353964	3
542857	6
182893	592
158836	9
273776	3
272889	1
289918	1
1131894	1
524044	2
228232	2
305750	10
566022	37
4480555	1
323573	7
109733	4
262095	3
334267	11
4480557	46
587510	3
342287	2
198045	8
356644	3
233587	23
186464	119
339718	7
179338	13
1112190	1
187359	8
166869	11
271602	3
54563	33
190528	3
170926	7
318231	10
4424327	2
343183	150
339720	8
268440	7
558019	1
340111	22
353982	23
259536	22
189147	69
195385	2
276466	10
461795	3
356657	295
214889	58
185587	2
230528	1
24175	33
808794	7
260927	6
98332	1
557130	8
319134	154
205981	52
511594	60
323595	9
355771	2005
205985	2
195392	1
349537	2
188266	2
338845	2
177574	25
311610	1
274694	27
295188	506
211820	68
274697	1
196289	45
302706	1
260931	1
381219	23
263607	3
272518	19
1075891	1
4477017	2
335183	3
334292	11
1111921	8
1112814	3
334296	33
434089	123
346870	2
338852	1
4347829	1
304897	4
537548	1
265793	8
259556	8
331222	4
330333	423
186497	37
363400	1
312515	247
186499	489
195005	242
340139	29
210945	1
195006	442
191445	12
184318	32
4301298	20
514282	2
319153	5
404691	48
308463	17
527751	1
4446739	6
848615	1
277385	3
268475	191
266694	3
345994	43
277388	9
266697	1
511216	3
297982	1
210950	265
276499	44
212732	1850
105813	3
354501	12
578649	3
184322	7
453405	225
261841	2
310748	2
400739	10
274317	17
271647	58
270758	24
270759	125
47477	1
66188	116
4446740	4
614083	1
309361	6
359361	1
416286	1
457371	74
4300017	8
416287	8
449353	62
579541	1
306699	41
332132	4
4460602	6
268487	4
205613	2
310751	8
511229	5
321446	2
273431	1
185222	25
360750	1
193242	4
274324	1
352733	2
275218	46
197801	1
183446	3755
270765	67
1678333	10
1731695	6
2874058	1
2368865	7
307595	2
2883968	4
359376	6
511234	1
314323	14
341053	11
338887	180
310760	30
276110	11
443620	253
289984	3
523811	3
186122	7
262752	4
274335	18
264536	4
450755	17
344726	13
372348	1
350965	1
192368	1
662917	6
351859	134
2897332	11
1062061	1
407393	390
1106614	5
4455677	3
519763	2
513021	1
588471	1
259593	30
315223	33
331262	1
304532	9
110196	5
340176	15
463233	51
333049	1
276125	24
192372	7
271672	11
199600	24
211876	14
268108	1
195047	21
334935	5
181683	8
970318	1
327808	85
183467	3
262766	10
197825	10
260989	50
14035	76
629361	7
1918929	36
339791	22
2797559	48
333053	2
325036	13
364341	1
358104	1
301872	6
153075	3
332168	36
276134	16
263662	1
311677	2
340189	33
343853	1
342962	5
345635	23
330389	12
263664	1
182583	5
188920	1
273466	19
185258	1
372368	78
353657	22
163874	22
272576	20
229808	13
278912	17
388506	2
387615	64
183478	1951
290398	5
271689	110
180405	1027
11376	1
180408	4
1077336	1
232380	3
322372	120
213671	9
355440	117
321484	4
348313	16
268124	11
661055	49
183480	1
553245	6
470382	85
314359	20
356336	1
269019	2
271692	57
336736	62
4337090	31
261894	1
591663	1
872328	5
196950	1257
193288	1
273479	11
295854	2
1902400	9
4416396	71
1108422	89
199629	3
1105751	12
191109	1
317031	1
430194	50
216356	7
366143	71
186162	5
321495	4
326940	54
311695	3
333079	15
178145	1
264572	27
174583	42
276158	1
278931	1
185277	4
272595	34
184387	2
345658	11
174587	2
192000	113
352789	52
197855	133
310407	7
172403	1
1106654	1
4357307	4
314374	12
454363	1
804526	2
144196	3
532771	2
356353	107
348336	63
184395	16
355468	81
264586	80
274387	100
397444	22
198753	14
352799	56
261511	1
196974	1
311309	1
295879	2
45363	12
262409	226
2901239	23
2066374	36
700181	5
292807	1
4357315	1
207462	768
316165	1
177271	39
179055	6
265483	4
529219	15
185294	7
277067	10
275286	74
187078	2537
179059	7
330024	21
275288	71
265487	21
320224	8
158569	3
380021	2
326968	39
110842	6
302407	2
894735	25
272213	4
181331	46
341713	6
1108453	1
271325	3328
4414240	4
188969	5
390820	3
4414241	35
4414242	15
193915	1
209251	3
209256	4
186190	1
346570	86
215495	34
403497	16
335881	5
275293	13
349246	51
269056	1
186194	7
810788	2
179069	512
328758	9
344798	46
273112	1
188973	2
332813	1
14094	6
1106683	10
393504	1
262428	9
181348	2
309054	1
2122024	2
373909	11
317073	26
276190	1
277081	735
731493	2
2490211	1
335891	20
337673	50
228972	68
232030	14
276195	13
269068	12
330042	5
4200918	4
336789	74
111753	1
155511	1
334602	52
320249	4
265106	10
173333	122
274018	1
263327	1
260655	8
520827	6
1107586	13
194822	69
2286580	66
185917	1
306391	5
4343981	22
277090	3
259271	2
158591	2
1110757	2
348376	51
319865	8
346595	23
713689	1
267298	1
400443	1
107308	1
210665	186
340850	91
175125	5
264225	93
190273	3
340853	68
334617	81
520836	7
333726	21
263337	12
335508	5
276802	1943
180476	1
260666	2
334619	34
1127197	11
181368	1
275913	68
185923	1
38278	111
1106302	1
160879	1
276808	11
1085020	1
347490	20
317099	78
268196	4
416994	1
347496	32
753891	16
206213	4
4431803	2
329678	17
4342704	1
330064	8
830014	238
344422	2
524404	1
300665	2
341750	10
354225	68
231169	43
166226	34
352445	75
790026	6
350664	10
4424081	4
265129	6
350666	5
287507	4
177917	2
309083	15
348393	1
259293	28
835872	4
4430921	2
348398	6
356011	4
356012	62
305127	30
264240	2575
335521	49
697874	72
301568	1
261572	2
272265	8
158217	2
332854	10
261574	55
178811	1
264248	5
652823	98
179703	3
331965	4
271378	15
2978122	1
199307	153
4448250	3
293754	3
4315395	4
267918	13
292867	3
719058	2
3028318	4
1028915	3
322062	14
232072	7
319898	12
345330	315
106444	1
264252	395
574421	2
273164	3
672431	21
337317	23
348009	3
135952	1
264256	4
342666	1
332865	3
289306	2
173378	1
324849	44
276837	20
277729	55
180105	7
381979	11
24546	31
510070	3
356030	3
310491	80
588197	9
444241	10
273171	14
513742	2
301585	5
211595	1546
174274	1
259910	10
310499	51
252684	2
175167	2
259912	46
273179	2
385545	1
187744	4
571766	2
396239	1
177946	2
390896	2
194878	1
769075	2
1020410	1
337331	32
401384	64
335550	1
888575	17
321195	19
266052	4
445144	125
176063	5
576221	1
316842	27
335553	9
326644	6
274075	41
337336	17
263384	2
351593	202
328428	3
4407190	31
259920	8
570880	317
332885	9
275960	23
259922	11
591376	1
352489	1
295564	478
374863	1
177952	4
269726	1
185974	383
268837	8
194885	7
187759	30
1084182	1
1110412	4
2724618	5
302491	4
266060	3
317740	3
334670	14
168054	2
274083	5
356055	9
343581	42
681370	63
165383	10
815913	3
167166	38
213399	16
263396	11
276861	76
279534	2
275970	22
131024	1
189544	7
196672	1
186871	6
262101	4
832848	217
275974	35
262104	271
260322	5
197568	67
320912	7
185989	2
858190	4
321809	8
4468892	1
272905	20
205383	786
305177	1
265182	68
4363259	1
175193	8
355175	47
264294	1
324882	3
324884	53
264298	500
439924	8
396266	9
324888	3
350320	63
275984	2
591399	1
186886	23
3868285	1
275987	12
196689	5
332507	6
580305	12
4446120	4
132929	35
273806	10
830080	36
215193	7
356073	1
325780	1
158273	6
2682867	4
346275	54
820287	4
347166	9
529921	2
338258	76
355187	12
265197	1
529923	1
413996	1
334697	2
343200	14
211234	5
522699	5
180150	1
619919	1
268865	49
321821	123
270145	2
340535	38
162335	15
321825	1
193620	205
195402	3568
350337	11
997909	1
191841	1
561607	23
4428313	19
806030	12
829302	6
4449803	25
772282	907
204111	1
2140546	1
187790	13
344101	256
353012	4
583398	1
276894	2035
177993	11
786646	4
233623	1
344108	5
620319	5
350349	69
354905	495
214919	1553
182945	1
192749	2
183839	29
608244	6
346291	5
578053	1
268880	4
238487	172
565585	2
278684	930
995147	6
204126	9
323621	88
289379	13
269777	6
305803	42
353026	38
187400	1
532118	192
333426	36
261256	17
251456	3
354911	1
341448	491
166911	31
330757	9
2901970	5
275616	31
462727	3
276509	2
185628	2227
190976	1
1106006	23
525391	1
828435	57
348088	25
1051764	2
199391	6
327596	1
279582	33
335212	2
259983	4
879327	10
324522	10
172161	50
341453	1
4481506	9
324524	25
172163	4
261265	508
276511	1
196322	3
334328	2
195433	10
262159	11
460953	37
272953	12
355817	5
265828	1
191878	7
338290	34
209990	2136
586093	1
2167404	1
318695	7
204144	1
4331723	9
337004	492
213057	2
344133	11
311068	11
330772	1
165046	3
266720	4
347801	5
262166	13
320972	4
177621	9
307608	61
267612	8
355822	12
261277	18
248902	5
264940	16
264941	2
288109	5
730939	30
175847	13
191887	18
212170	68
228310	1726
729559	15
548686	6
181091	2
350381	15
262173	7
333453	9
352165	1
269401	7
277420	764
267620	53
526902	1
262179	1
260397	1
194562	1
296137	1
194563	1397
590168	11
258717	3
259609	1
182984	2
196349	259
275648	92
193678	58
191897	1
180805	1
976470	18
548692	6
107044	27
513440	1
352171	251
4325509	244
343264	19
263074	129
350392	93
188330	1
316535	19
4365707	2
344158	46
564334	5
347822	1
138338	4
276542	5
322776	1
176751	275
275653	30
462764	22
288128	21
179426	9
186555	26
269418	23
576914	1
258728	5
354957	26
399606	12
1115958	1
303076	49
567011	5
319214	32
353073	1
336145	107
327236	13
334365	48
319219	4
277442	7
195470	6
176760	10
277443	19
324567	33
259623	2758
332587	17
553654	32
259625	6
189237	154
267645	156
313878	128
381694	5
354964	38
1106050	3
338926	26
183893	2
185676	1
112009	6
162005	34
260018	1
838281	1
1109724	1
181714	6
828483	1
73371	2
827592	13
191516	75
271706	6
4331760	5
261908	2
4305923	1
344170	1
307640	36
345063	13
826302	75
335263	2
647215	38
335267	24
259631	5
268542	4
234586	1
342397	1
349624	1
354971	1
588513	2
315669	627
188355	3
231510	1
275676	25
330417	36
331309	3
262801	76
4338003	8
351907	1
262807	7
262809	1
801260	1
328143	616
318343	22
521491	5
582181	8
308546	1
521496	1
582184	1
348743	98
339834	20
832558	1
313898	12
175893	8
196386	144
339838	8
178568	1
197279	2
311712	1
162025	2
264996	4
399637	5
388945	262
273500	956
298954	15
640999	17
460611	3
232417	3
430219	5
182621	2
311718	1
263704	4
181733	4
48444	5
272619	20
1066089	1
1110135	54
305880	8
336174	9
198170	1
413695	25
324595	87
276580	113
196390	108
344198	108
4382678	1
536754	1
306778	5
823658	2
546557	1
215897	2240
208769	6
295296	6
342014	88
233313	54
453896	82
214603	3
274400	20
176798	3
352812	2
173722	7
343906	21
4408418	3
3029968	200
97568	4
465480	40
197291	31
1104908	1
276592	8
111154	1
953855	9
382220	2
561312	5
660214	1
265503	19
182649	3
173739	2
190669	2
318370	12
415491	65
327282	2
327284	362
14109	1
4449518	5066
268581	2
659831	77
528756	22
103145	1
585880	51
585881	1
568952	3
189288	3
304612	21
857639	1
340254	136
315309	4
375106	26
343923	60
582812	1
183545	6
197900	1
4304085	2
1646255	7
345709	4
167509	55
270866	59
191568	1
450849	7
1646259	1
172859	2
180879	7
228391	229
4342104	1
288193	15
589450	6
210073	3
348785	1
250270	2
268596	15
518967	10
277104	1
352840	3
356404	22
265522	28
170089	8
352843	28
276218	2
185338	3
274438	10
581933	5
193358	18
270876	7
573916	2
1109788	1
198809	12
2334610	17
1026524	1
318395	1
36503	7
2590430	1
459276	35
4390330	4
338994	1
51657	16
279298	1
339886	13
325126	26
259699	7
327900	1
336810	32
277115	1
357305	12
260088	2
196037	4
310877	10
264646	9
442846	3
336817	10
192475	4
275339	661
262869	8
189907	3
295938	3
2435303	6
527891	3
69988	1
210095	7
589475	10
128223	34
206633	3
400871	16
322464	1
348404	8
312665	60
322466	14
269107	4
185353	1
276236	2
266435	1
155951	3
310886	3
176444	3
229905	28
274455	191
351972	189
188029	53
275349	2
264657	4
826382	11
519880	1
341180	4
51677	452
277130	10
342075	24
203970	39
359105	155
184470	1
347523	176
258423	13
187144	1
294064	1
153187	5
234269	102
337724	44
266445	7
311788	2
192494	1
337727	3
261992	13
293178	1
194277	23
347529	36
851935	1
319909	31
180511	1
4426299	1
260703	4
260705	19
308224	11
349310	476
305553	2
208434	19
463361	3
553352	95
329712	27
277143	13
524842	1
543553	6
354662	38
572067	1
313578	5
335952	19
631764	6
175573	2
336844	2
328825	8
571178	10
275366	30
175575	2
343975	2
346648	7
273586	22
163997	14
1109422	3
181419	1
180528	1
270519	135
4466103	6
2137746	1
4462541	28
228043	52
326055	2
422283	30
406247	15
196070	803
517722	28
1098946	5
265570	5
259335	47
509709	1
264684	7
335965	5
335966	18
335967	76
330116	16
174698	1
377946	3
330118	1
181423	1
573969	3
360518	1
4402751	9
548021	7
318045	2
338640	1
308249	4
579311	2
277163	5
269145	1
628218	27
187174	8
338644	16
234298	149
303797	11
851961	9
214699	2
278059	12
213401	2
331013	15
540500	1
197972	18
203605	1
263403	38
470117	1
110945	4
221429	14
4326132	1
173417	1
352509	8
228061	7
808202	46
325182	5
548032	51
329741	5
258463	118
267373	40
336872	12
266483	1170
269156	41
322112	16
188078	27
784256	30
185004	8
274106	212
351623	98
263415	7
342716	1
1571092	951
262527	5
591405	1
272328	12
180555	67
2700883	1
4367231	1
97263	8
294708	4
315390	28
209361	23
307373	86
356481	2
216495	22
3265889	16
312322	102
346686	3
409947	4
179179	1
312325	8
183231	3
273223	42
274115	1
350741	15
272334	1
271443	1
175215	3
234912	21
260752	73
193038	12
352529	1
271449	7
724472	11
927720	1
269172	36
209377	307
208486	11
323020	1
4420206	2
314110	5
269176	7
337784	29
741001	6
331043	6
356498	52
215214	160
578457	18
265211	512
322138	10
273232	252
272341	4
540532	2
262541	4
520931	1
352533	107
132359	1
197600	34
274128	3
176118	17
185029	4
174337	108
4366365	1
1111754	23
349372	38
259382	1664
317199	1
417981	4
676472	1
549950	80
4470213	1
568662	1
321251	2
278098	4
169398	870
158302	16
343630	4
326702	30
190380	448
270571	22
340960	5
211667	1
274136	50
372146	9
273246	2
344527	51
180584	6
333837	2
290178	2
264339	3
351659	66
808244	2
4452400	1
508875	2
529368	1
1056626	3
331062	29
347200	4
579366	2
411254	20
206324	127
266120	6
320373	59
177022	1
423830	11
420168	21
193063	1
193064	3
260781	3
274147	8
199403	25
176139	1
195840	37
198513	22
277813	2
194950	4
575407	38
352559	5
196733	21
554916	1
49088	16
519573	30
31763	1
728069	38
839545	30
510162	3
330183	1
4311539	2
338301	1
827968	1
264352	3
335632	42
353453	6
732128	4
271482	68
105659	2
316925	5
236736	48
278712	25
185059	15
295642	50
179814	1
178926	1
196749	8
180206	6
4471130	14
569581	1
214360	49
207232	493
4471135	6
839558	10
4365109	4
380190	1
334751	61
326732	50
114575	7
271490	30
176154	742
356138	1
185066	6
346337	1
174374	32
674324	1
561069	1
851634	2
269811	8
585227	1
833816	2
565625	10
269814	14
269815	3
198537	32
1105552	1
194978	8807
305250	1
616310	4
609589	19
4401548	2
191908	15
405046	10
313274	46
275061	7
356144	1
446135	18
267046	1
528109	2
168145	64
400599	1
356148	11
316946	2
275069	3
342786	105
326749	1
342787	44
271101	1
260410	1
340600	21
180221	18
2978254	1
269828	50
350404	10
270215	3
271107	4
192803	1
1113587	2
209030	22
192807	1
4432841	6
828884	1
838685	10
4364237	2
436341	94
206367	2
357046	1
185084	2
592372	1
345466	1
339229	3
212201	4
577228	1
199445	8
301306	6
876705	20
272004	22
383885	178
171322	4
293896	1
179848	9
261315	14
182016	1
382998	1
323090	1
4403349	30
13986	26
348142	183
1029949	16
569210	8
265280	8
969777	1
356164	1
349036	4
338345	38
4383953	1
551295	1
327656	22
338348	188
4376828	17
324985	17
157479	19
263102	2
212219	2
342404	57
202419	4
263106	57
332608	83
273902	51
2879379	13
1105589	57
216184	2
839598	21
4380294	14
623471	3
259056	1
539820	3
337465	2
830189	94
177087	8
646743	144
449833	4
258169	33
268962	4
550013	1
263111	207
198575	2
211335	153
271131	107
331720	148
1084906	8
182033	8
276985	218
279659	1
352215	14
211339	971
164216	5
264009	3
190057	1
261337	7
175901	1
271139	96
270248	1689
4413164	8
191948	15
839200	3
207284	5
543291	2
207288	5
318764	4
356187	11
318766	44
772384	3
268971	22
326788	43
110660	10
452014	27
352222	1
190061	1
320048	1
188785	640
264014	74
182043	15
260451	14
340642	1
190063	1
276996	21
160661	1
136604	6
260454	9
371930	5
186602	21
342429	41
331737	49
4426641	23
194628	7
273928	18
4321001	47
217096	37
528157	2
1111448	120
839215	7317
613697	16
826746	1
228787	6
576377	2
772398	34
261350	4
314810	73
340650	47
589848	3
181166	2
291750	2
1828413	2
4306262	88
331747	132
1109178	1
192852	2
1106101	6
4316067	38
1737536	3
273937	98
192857	1
807046	1
509452	57
329472	12
338382	173
337494	17
229683	23
337495	2
4310326	7
353131	89
228798	152
213147	3
182061	96
811108	1
541135	161
263144	1
999814	10
245324	20
510843	1
582222	25
523318	1
321952	15
334427	1
187511	7
261365	11
512629	2
462832	16
277505	769
180288	2
266816	1792
1845355	31
197318	2
193756	1
4327763	3
175939	4
183958	10
4437359	12
839233	2
320070	5
348197	14
205134	4
548775	3
345121	19
271170	12
522433	3
336214	4387
332651	27
331760	2
297111	1
345126	3
778758	2
174055	16
136633	104
188411	2
276620	14
174056	5
186630	1
323746	1
295333	1
195543	23
182079	5
185743	10
466409	2
274844	40
197327	10
273954	3
194656	4
347908	6
2119695	2
273958	20
1123054	1
2645488	1
192878	9
1107018	1
1113256	1
658370	27
56512	8
806179	3
409686	1
2075740	7
568383	152
676195	1
312062	9
311174	7
335330	1
513532	2
352262	163
182081	6
105358	264
331772	4
263165	17
197331	3
576007	45
159911	4
258812	2
265940	31
332666	9
179513	2
171396	134
194665	34
274857	86
1112373	59
3746876	2
272080	26
262280	5
209712	8
271191	4
322870	49
340690	18
162491	2
333564	7
268620	5
331782	69
4390754	125
4390755	378
653533	464
355940	2
571563	1
266841	105
331786	1
339905	28
176853	3
198238	5
453955	102
151401	1
193784	1
185767	7
265958	1
519290	48
191602	1
1112389	30
180919	1
827689	843
255161	6
559499	1
145572	2
259720	148
321992	28
348821	56
176860	10
367535	1
267743	87
347933	2
565338	3
199137	28
175972	3
276656	4
194684	100
708190	109
185777	5
1113282	28
176868	34
192504	3
271804	16
4299398	1
303184	1
4456702	1
115186	87
394270	77
421792	461
278440	27
755126	3
295370	4
539506	1
4380976	4
267752	6
261010	1
266862	46
694641	10
975306	1
194692	4
332698	40
429918	1
179547	2
176877	20
261016	7
272701	3
230725	1
271811	3
361803	1
182712	13
183606	2
304080	20
333590	1
649107	3
227565	2
301012	2
229348	11
813944	1
279344	135
3293888	1
225786	8
771177	34
341213	2
274894	5
176885	1
342105	94
176886	2
302902	7
259749	1
593977	25
352902	6
271822	87
164904	2
180944	9
1110231	2
515362	1
329144	1
542096	1
336276	48
336277	1
198271	1
512695	2
354097	73
1121926	1
196491	25
307768	2
808609	1
342110	2
