578832	5
225799	15
222720	3
392111	2
143423	12
1008172	9
578837	2
471412	1
441019	14
16370	238
919490	113
303809	200
919491	7
4453060	2
4427221	7
14595	1
4437024	1
35088	8
164915	32
360936	1
4317631	8
591805	1
4436135	3
2676432	13
4329215	4078
54794	19
4408518	3
31123	1
4226754	1
854050	121
107195	3
1053321	9
4335457	2793
737331	5
4299026	10
4358723	8
4300206	23
524287	4
538642	2
1550603	13
534089	1
202131	1
746246	7309
807726	18
637546	6
719519	1
745358	8
3441309	2
536866	3
848816	16
188486	8
4390403	27
669726	1
197398	5112
220953	18
167999	4300
4305062	246
243229	22
1129461	21
195215	1
265604	4
190766	2
1039477	2628
3638723	2
1029678	1
509144	2
738230	4
524292	703
4394373	1
90040	212
338075	1
910097	1
318473	2
1032841	1
816642	15
138493	4
9870	3
358670	1
548453	1
801399	1
835357	14
519944	1
932477	1
2362317	16
189384	12
581021	5
252144	2
112159	16
891599	70
1107096	2
542714	28
1139272	43
572117	415
114936	4
571227	4
363625	3
295019	44
4428133	1
791406	510
1069880	1
590937	1
4477244	2
4374780	1
944063	945
328283	117
4352001	1
3892774	1
4467447	8
71341	10
228494	1
4411700	3
624099	2
4401902	1
4482598	8
1121955	34
458474	105
128300	10
2670715	4
528869	3
822899	129
153253	1
241462	6
554302	3
540940	1
194341	7
303838	7319
1919007	26
4319440	22
190782	68
1813872	24
182764	52
167618	5
861807	13
4308752	11
4345285	2
4297271	96
4298163	1
1055132	26
4378353	486
1757845	1
817550	14
1035532	1
1023950	60
4463892	6
4266982	2
2656868	21
516296	13
1045335	22
4323500	40
506496	7
4484389	9
845178	3
956654	20
217410	7
202165	1
324331	1
523025	11
893395	7
689357	2
330570	5
733401	1
563221	1
326116	13
143462	2
114950	15
761024	55
196131	2
555204	3
177421	4
299996	1
315429	1
587789	2
131883	2
525805	121
311867	1
370772	16
292364	33
183662	19
267416	58
179208	1
553429	2
870724	281
582932	42
274548	138
264748	23
4389053	1
1566189	15
39686	62
2588266	1
1005146	41
4438951	1
917351	141
657181	5044
558281	43
15129	889
887161	1
4313711	1
1007926	6
4457669	14
25923	30
4455887	14
1141577	4
888055	20
609964	25
965573	2
1113958	1
253061	7
91962	7
405425	1893
393051	11
129218	1
588688	1
251285	3
832316	41
226338	15
267423	2
633624	14
356523	326
520369	32
552544	35
540962	2
820738	1
516909	1
356529	17
288912	2049
720949	23
4406781	2200
290598	6
2468881	1
4378373	1
4389066	1
3359884	4
1105940	2
12464	1
1011396	1640
918257	4
4455895	2
1130892	57
1132675	25
300190	13
1135348	17
938851	13
1093571	6
2084364	7
818468	16
449595	2
669771	5321
2250983	9
1147925	142
851031	32
969149	732
407215	1
1890229	10
4444803	6
523046	3
1060104	21
227234	15
778478	1
146154	7
531067	1
974499	2
330592	15
266540	16
295053	441
542752	2
186352	1660
765602	4
302975	3
428705	85
844902	1
754911	6
542754	147
242389	2
661259	6
167646	1
328917	8
2858256	14
13361	9
1012294	1
1089121	18239
4307897	1253
1722623	59
935195	5
1136249	2
4302049	3
1010113	1
925397	19
301093	8
1009729	34
978067	13
4464413	1
778484	166
2663625	3
1015969	1
997770	1
4312845	2
1023988	7
4345912	5
53569	54
1059729	2
4381553	6
898871	8
138145	1
536521	6
369013	1
511475	1
589597	1
197052	1
546325	1
219229	6
821644	17
556126	419
4355718	7
676511	3
997777	4
557019	5
4380668	1
144388	10
540982	29
870751	67
143498	4
152001	80
576724	1
2949144	3
389615	1
142203	65
942927	39
590982	57
3718971	7
4417494	3
211706	5088
3698582	9
171712	3
1044481	10
3879458	1
1079331	6
3407515	16
4368597	24
1108638	35
807795	3
1126459	565
4405515	19
789184	1
1125569	2
4431355	1
549001	1
1041410	82
1065974	32
977188	18
987980	1
1076668	1
1139929	3
557023	330
2850749	1
188150	2
4420669	4
197060	12
1092300	203
306555	1
822544	2
4371765	2
303883	5
200021	2
248740	3
368134	700
1120717	2
275472	25
999569	15
343089	10
990153	51
1130519	1
4390479	3
348536	1
566930	2
562376	1216
165882	1
870762	29
582970	2
4297918	1
357449	1
241113	1
258548	13
462588	10
895813	2
281310	2
2668492	2
192215	13
3940440	2
1135374	5
829186	1
161925	25
4407305	8
819387	6
96451	1342
1135379	6
327050	149
1124689	4
4424239	1530
2358923	7
521294	14
2040235	2
11208	1
974121	15
916108	10
856510	460
523078	153
219248	2
197072	2
2012617	1
727218	2
4453748	1
70116	56
667621	1
822556	5
668514	3
151130	1
322203	1
678317	1
551696	7
123510	30
593672	13
578526	2
993831	12
30919	2
568727	6
984924	49
223307	2078
986708	3
162820	1
172621	8
352604	1
290235	21
4309301	1
1136275	1
291128	14
1136276	9
184209	240
1117566	6
1108656	24
605050	6
1105984	21
4386030	49
1088265	16637
1043210	7
4423357	8
1051230	4
2273298	7492
4341387	8
4376235	3
1033413	64
4376236	20
4477910	2
545460	19
818107	1
4438608	4
807415	16
818108	40
1063810	896
316378	1
728119	1
900973	4
1103807	2
168571	1
578533	1
338756	1
533886	1
311522	3
346778	9
2061739	1
372213	47
299659	6
164612	6
4434052	32
1606832	6
1758401	1
4302086	21
1115794	4
571905	1
55384	4
47365	17
270649	19
1027587	13012
680608	18
3671383	35
326180	1
925031	1
4405546	7
949595	5
933051	13
4451980	18
4312886	4
1124305	7
1102921	12
4359317	15
217482	57
4388820	27
60332	5
508943	2
1132329	1
101152	2
239863	39
980383	44
168583	69
143131	1
224212	22442
355695	599
516966	120
651100	1
141350	29
820798	2
498355	24
388763	1
213522	2
657845	61
583893	4
1082539	3525
4390108	385
273320	14
853867	25
666757	1
511119	1
186004	1
264412	1
284014	6
143138	1
3801370	25
574989	3
541517	17
261744	4
196802	1
1107784	125
1667532	2
4408226	33
4484060	4
4408227	454
1059772	1892
4376251	2
670818	3
1108679	1116
4303981	68
4468024	255
4004100	4
1740498	31
817230	16
1667535	2061
1024520	1
17976	135
1102930	8
2243510	1
3600504	20
4321400	70
625671	1
1050364	1
2101745	6
4365567	670
769222	12
14903	20
823476	1
806547	6
813675	2
60345	112
1024529	1
60346	4
188194	2
935842	9
959009	6
857435	3
510231	1
347685	1
329865	2474
562010	3
966139	4
675673	80
404204	236
133341	19601
302631	20
577665	2
567864	8
365101	22
250063	1
566976	3955
871698	24
593302	15
894969	25
3838014	28
591524	2
2513890	14
1089181	3
3834453	2
4476050	6
4296070	1
4414475	13
13024	9
3030171	1
26896	1
406391	3
4304885	1
44311	2
1121651	5
1658639	1
807443	2
3171053	5
4453786	14
4469924	1
456393	7
697063	1
1076316	876
102064	1
795075	15
1055824	54
4302708	1
801700	12
92535	3051
789831	7
178001	7
238996	3
1670717	529
282250	7
344621	1
236811	1
144048	7
287700	2
851704	1
710827	2
2774170	2732
1776251	2
325918	83
4433192	36
4439530	3
4335184	3
1069592	24
4417158	1
563918	21
2874960	6
4336079	7
1962478	1
818144	574
1034344	5
4445774	22
14920	3
1125228	1
359283	1
635495	1
766571	6
918932	37
14924	158
518775	325
1104739	4
921101	1
4395984	2
322250	8
316014	3
1136916	5
4372313	15
323142	7
579465	2
1088902	42
750031	27
675694	7
110098	5
3443818	9
4342915	1
837859	1
611931	4
334831	2
264443	8
911309	77
591540	1
582630	17
114658	2
515707	3
114659	7
129907	10
565709	1
181589	6
69782	7
729052	4
4435982	3
4448456	1
4448457	23
1108308	4
876170	4
913493	6
517890	14
1111874	2
519673	1222
2055543	1
3240573	6
4110167	61
519676	1
921110	15
305330	51
242070	666
83643	58
1046935	11
4320547	1
589277	2399
300880	4
821325	3
425721	2
8315	41
219900	31
113773	161
192281	3
164660	5
356226	1
3271869	3
741139	2
269901	6022
621748	1
3943182	686
288614	1
572843	1637
851726	13
593337	4
297525	16
3301064	2
1052181	1
4333020	1
1702711	10
1033473	1749
639075	1
52362	3
4478861	1
3385021	13
4298880	2
4375000	694
2801319	5
829851	395
4300950	15
1523627	1
1051299	12
2061792	31
225151	76
927867	4
516611	1
247530	3
968954	21
1020605	31
823118	4
275153	4
587103	1
156652	3
320497	36
254662	41
344654	1
2000709	2280
98909	1
291195	1
792036	3
325946	8
199524	1
253776	1156
342876	124
350896	15
298427	2295
834809	10
909052	1
925091	32
991729	1
3605008	119
4367397	4
1009427	9
937670	13
4423027	3
827089	1
1105659	1
3563235	209
538000	13
48912	5
559891	1
4463224	2
889661	1
4344722	14
669486	181
4362545	5
177150	14
4343834	1537
4298899	456
527314	3
329512	6
676211	1
434651	3
292091	7
242096	5
811544	4
304469	100
331199	18
934605	5
198641	21
183395	42
426638	2
230114	75
4407395	9
360303	1
170521	1
370105	1
296659	1
809272	12
2996177	34
1889556	247
1132395	1
1715208	2
1095073	2
2223970	37
10001	1
14962	193
10002	4
4317009	1
1040220	24
2874602	55
4312556	1
3534735	9
929667	1
928776	1152
4433833	8
526430	41
4397402	17
4441854	1
703741	3211
527323	3
1056769	46
955102	87
4383049	5
541581	24
972033	10
618208	1
138850	1
306259	186
540691	22
168254	17
363383	196
137961	23
934614	17
246665	2
4396519	13
565742	4
4377809	1
925707	18
744835	2
591583	1
581782	2498
187962	22
672668	2
294885	4
281015	1
173204	9
271214	22
787709	8757
250725	10
1119039	15
340717	5
3439403	97
3116763	93
4383052	6
1120420	9
832050	53
1128945	27
4446315	1
503174	1
4446317	2
4374146	12
358042	4
535353	30
529116	135
265381	1
237760	1
562084	349
509516	578
178064	11
931950	14
156681	8
106687	2
354484	1
960463	319
817903	19
345575	8
521994	542
516648	112
693166	3
521996	30
572882	2034
611988	2
593376	234
183012	41
164304	15
368849	31
1115481	2
981957	15
154506	22
174109	5
341617	1
1109247	1180
251628	2
181239	7
1107468	1
4446320	18
14982	1
1105687	4
33696	563
305381	1
815132	81
830280	16
4344753	9
14988	8
706432	6897
4480185	153
259150	103
4437418	2
109365	1
309940	7
578231	6
315189	2
882063	7
639712	1
524674	41
945326	4
98948	1
542496	2
932853	3
40429	1
582691	14
579128	1
543389	1
286880	5
852665	7
613779	1
533589	7
868803	34
541202	3
698626	1
1997391	4
287776	2
690103	4
220349	67
1106583	1
1118166	1
271238	1
332718	447
1105696	30
580518	2
1132020	5
4437422	16
1676137	2
832070	1
1654755	6
4341099	3
1074210	19
919898	14
643182	2
4479405	373
4353676	3
4450795	11
927512	13
4442777	4
568440	1
535375	1
928406	853
951572	45
4458917	1
586263	1
782283	4
70830	18
403003	30
583590	74
966820	1
141050	2
339358	3
555970	32
811589	2
4111715	6
826836	2
584484	1
1081348	15
687940	1
688831	3
576466	12
541211	98
523798	278
542103	1
868817	6
574689	2
966828	18
1823053	4
188887	15
760505	5
364903	1
322927	80
4455250	4
4401692	11
4306355	4
4323284	46
1129865	1
291846	1
4436542	18
2499530	86
108490	2
724271	3
4437436	19
1099674	10691
2356875	26
1111544	1
4342992	6
4395661	33
169182	15
1141940	3
934651	18
828623	2
517565	3
4295873	2
960492	4
959701	6
4388538	77
984650	2
542110	1
548853	43
578257	2
579148	1
637954	2
861595	2
1144619	3
851794	10
749329	68
1086805	310
541223	1
779725	63
820107	1
530532	1
264123	57
762699	1
1085918	2
751601	62
642900	2
330951	46
301449	5
295411	2
591223	1
870106	19
1508541	38
137609	14717
561826	1
1129872	1
573409	2
160778	1
572519	1
807140	1
580539	17
4008773	7
3323110	36
823183	2
939112	9
4445466	6
921193	323
3329857	1
308087	2
538065	39
4299445	2
239582	1
814277	603
845561	159
928424	219
4376963	4141
815169	55
3058999	1
1027904	21
312140	230
923972	1
4299448	1573
228894	5
979315	7
843785	1
577377	9
744885	18
549756	614
559557	6
138500	6
883981	9
272150	4315
3541	26
343431	1
326502	1
2532909	1
975755	12
773399	897
4370229	3
210576	6
314922	10
246316	1
153653	1
140189	2
335418	9
870118	137
4406162	5
552922	26
584109	242
161677	8
364926	3
194746	4
4365281	24
36004	1
308095	980
922095	2
3678349	5
912296	5
4426769	1
498081	111
1084045	45
1043951	3
2510538	6
986450	2
724298	57
1061772	11
797560	419
72643	282
4333705	2
106334	1893
101880	3
73538	8
934679	3
133065	3710
746679	16
236521	2
54828	17
613414	616
336313	34
825979	1
521642	1
484320	1
106338	16
811219	13
386313	1
1093959	13
961009	2
4315290	10
511848	1
186732	3
4390839	5
1934562	38
151886	1
808051	588
1034052	871
4304201	3
1048411	2
927550	13
938243	35
1076035	1
716286	14
4344400	4
1098410	4563
4321136	13
4401327	2
4462014	31
818854	644
4395697	4
995373	16
4443307	4
533232	1
514521	1
337212	5
911016	45
399197	29
133075	2
813007	5
4373910	2
1079708	12
3195932	20
1814180	58
336325	7
557799	16
235643	1
614318	1
541256	1
311279	1
823803	25
279404	6
4382827	3
191096	23
137637	2
580563	1
4391738	35
591256	1
324748	2
147439	4
278515	3
262379	6
208919	7
110404	39
275845	3
2953981	6
1111582	62885
1048420	34
4400440	16
14643	1
1550056	29
1960016	631
4416988	45288
4232045	1601
313060	2
1072484	2
848267	26
78009	6
436121	7
769961	2
222184	39
888466	1
960131	4
362172	493
73559	18
786894	1
863014	4
298120	3
834503	2
788678	2
513646	86
334555	92
520775	1
863019	1
136755	22
162595	1
289216	1
4406193	1
183089	1
241895	4
571665	4
395249	18
1033182	1
15540	217
1107137	3
849160	3
250408	1
3633321	1
1016257	1
1136643	1
2119418	4
1082294	8
4318989	18
190815	958
4130483	65
4343531	45
64653	5
4369878	11
879565	11
325650	13
868874	5
4354229	25
403068	15
656312	1
107258	1
804119	2
592160	4349
159036	6
237444	26
960145	1
736504	4
220012	2305
4376609	28
745417	1
581474	1305
563654	4924
941438	74
538707	1
351498	1
267843	20
784723	3
766903	840
447827	70
189438	5
296358	23
193894	63
3588390	61
1106254	43
4330071	52
919562	54
1126851	6
4327501	6
1083194	1941
109041	1
4378795	3
291508	5
271906	10
339020	2
21796	16
4301566	17
798490	84
4441552	88
2012005	6
526131	25
817995	2
811253	119
4362257	19
108157	1
255271	6
1110317	9
543065	6
816702	3
309624	1
757005	45
824723	3
427239	361
568117	5
645634	1
326558	66
568118	5657
672366	1
384573	13
970951	157
310018	1
743649	11
277656	5
782953	6569
365866	3
295478	784
1759078	11
110438	9
131921	3
881857	391
251317	3
4399294	1
152419	21
4411163	4
1049344	2
15564	4
280825	1
2783432	2
1138448	2
1065387	1
2496531	3
4416614	7
2733439	1
3472078	16
4387312	7
4475523	7
2783438	4
2272797	1
158163	2
798100	10
710584	2
897002	1
1070334	12854
624158	30
531495	1
934326	4
533277	142
486153	63
228556	29
833645	9
725834	6767
999977	14
287464	7
897007	15
2251904	8
103314	199
770389	1
122028	3
830978	2
170244	1
180045	1
15570	14
1124095	1414
2689396	10
15571	39
322609	2
222818	101
4400482	4
74480	1
4370291	3
1815717	42
813052	16
811272	2
4326635	1352
916510	2
927202	13
4297332	29
4416628	10
1891556	10
4298224	62
4396235	5
755242	12
1010548	8299
149265	31
522595	1
4447917	3
436168	153
906716	10
758910	5
1070347	985
532398	15
760594	1
647437	1
584176	12
100650	2
203115	3
992354	9427
554775	1
843459	3496
833659	3
162230	1
341322	3
912959	7
369449	1027
882765	1
797229	9275
2505255	6
292424	5
550814	2986
391326	1
24493	4
132837	41626
4303372	7
1127773	4
4306048	23
23200	1
821080	1
1098473	16881
534180	12
591907	5864
3426658	30
2598128	2
4326647	1
3244896	32
248172	128
812176	6
336382	6
845243	10
4379318	4
575271	1
4315958	49021
289261	208
960184	6
814952	25
818516	6
197490	2
823863	2
810399	95
4296458	108
852375	59
752584	2
874750	3
4194886	1
114024	7
912967	13
350242	1810
266995	3
710208	1
122049	4
205904	5408
521318	11
586968	4964
171157	80
281741	2
1068082	19
572208	371
2922355	26
4452280	5
1007399	30
3225199	9
4343580	16
1813954	288
3467750	1
4433573	1
1097593	1
4352493	5
4454068	4
3035013	24
4300310	79
2599028	42
4333784	1
4425557	1
1055212	14
4464861	4
3483793	11
527065	9
1052540	7382
2660003	2
995040	267
318576	1
347088	1
218785	1
1141646	7
528952	2277
1081058	1215
189482	1
559247	1
1140756	110
882780	43
913867	30
539647	2129
967427	8627
114038	3
352034	14
555688	51
94705	124
226404	3
301149	1054
588755	186
573103	1
206803	700
315506	6
210269	3
2603282	1
323526	9
261156	28
174831	9
243339	604
176615	62
4419323	1
1117992	831
182854	99
1759711	21
4348047	34
1779317	4
4446058	142
4359731	2
4315974	1
4456852	8
4349934	2
1012358	62
318583	563
339076	481
549454	1
844375	309
537871	17
889025	15
1075821	9
64317	53
794581	6
622013	10
934369	2
335112	14
1097208	19493
1051669	11
4360128	4
398980	1
84913	3
311950	6
104248	2
172063	14
1084738	761
180082	5
95608	3
140880	1
320863	3
233549	1
840419	9
182861	5
134649	1
263943	1
290674	1
542827	1
4425571	32
167719	109
89772	1
12541	15
338191	110
12543	1
1141660	2
4377563	14
4366871	304
1008902	176
4451011	632
945064	25
1030188	2
1016923	57
1142554	892
2462226	9
12548	9
289293	5
4322712	23793
9994	4
718758	1
557488	1
767863	111
200484	1
511542	4
1074945	16
762013	1
687676	1
179300	13
144452	5
226424	20
441155	6292
777667	12913
4393208	1
171184	1
340474	239
573124	30
357502	26
3913171	2
132873	4
350277	5
686789	13
579869	2
347704	1564
585701	13
168614	83
535707	1
362853	1
3358082	8
330679	62
4445182	3
337909	1
3438276	1
354839	18
1048112	1
16114	6
16115	1
88891	6
4303016	14
4398067	3
12558	2
1043665	18
309696	1186
3780125	1
4030375	3
1017827	19
1019609	72
716984	1
1124748	2
522240	3
756189	4
4366889	16
537894	54
1141678	9
302066	1
1085646	46
574021	1683
610455	1
104268	1
687686	28
546403	1
119515	1
270094	781
453740	2149
932208	3
159711	6
560661	41
194461	10
152485	26
526804	231
294254	3
152486	7
214857	1
295146	57
794205	6
4339160	1
461764	4
820837	2
231787	15
320888	3
542846	2
952805	17
192684	22
4337383	6
182886	10
150304	11
15231	4
1718658	33
4309764	11
4435396	35
12560	38
926370	2
1055252	596
707087	31
617098	289
1144356	1
4334313	11
2842801	64
4304911	1
4473411	7
4361046	25
309302	1
301184	680
986176	49
766991	1
4471631	2
209511	2
1078527	170
172090	4
815898	39
1040601	1
566012	4
824402	18
332471	336
955886	15
344057	10
547304	138
4354915	17
874401	3
303963	2
316438	2
354850	853
833317	45
101202	1
296045	8
109728	10
591960	2
183783	3
275556	1
1006150	12
4328482	1
4417582	72
3944484	13
161007	86
1145250	86
289918	2729
4317794	580
1111294	10038
260900	102
15244	1
4447980	1
12574	5963
609089	2
4423422	1
836394	49
1123873	132
925494	19
1036557	1
4244333	1
867680	13
1131894	29
3430775	3
678790	2
82177	4
105173	6
712043	23
4305815	2
852030	17
514242	18
3573437	1
1050411	881
109731	1
558003	2
712047	72
207741	243
227343	38
4362942	8
333373	5
566024	1
2190102	1
277340	1
514247	6
105179	16
992022	32
139137	99
318229	5
355750	64
565136	22476
805707	1
345951	965
573157	5
232696	7
193591	887
321796	97
225569	5
239924	191
330301	1
4437190	3
166863	14
563359	13
194487	4
289925	15
4318693	1
16144	2
1109623	4
847092	4
83070	40
4447992	2
1008941	6
907684	6
3443256	3
4430561	21
3355047	6
619893	10
808786	1
827497	6624
2445338	41
859673	2
788393	2
204085	6
1951826	19
4386115	34
114095	4
858785	52
4373642	108
4399988	2
529501	1
547321	7
710275	1385
288040	1
138254	2
432284	1
235373	1
521384	10784
1075877	14
366451	3
820861	1
910853	4
1051317	58
327149	35
915309	1
525942	1
890460	23
347746	1
561587	1
563369	192
355768	2
289933	1571
321405	2
399527	3
567928	26
4468490	3
171820	1
4427000	2
1128343	10
440904	12
1746900	3
1058950	80
4411862	2
4235445	4
958584	5
238051	24
1058954	1
1094594	1
4366522	124
779495	2
4314749	9
4358507	5
307554	17
1060234	7
4454736	16
512485	10
4364745	13
4402959	31
4174963	4
4454737	12
582083	121
4312969	218
288054	4
867304	355
557138	2
853940	1
886016	316
634656	8
528628	1
9648	5
338845	242
533975	7
100344	1562
811968	3
249748	2
330323	48
250135	36
2028260	42
1108750	1
583979	1
13493	2
132529	2
4310192	43
154907	8
4402960	1
191439	3
1118558	54
3164394	19
1086582	294
4029632	8
1075891	24028
4351284	7
4339801	2
138271	2
744251	1
4402966	1
976010	5436
316473	32
1031733	4
328059	1
515169	3
4462766	1
246087	2
4296149	46
554473	5
864640	17
573184	48
92601	1
201034	1
1121728	10
894045	228
166890	107
103025	13
4250206	3
960871	81
257774	1
525966	2
593781	99
893157	34
2959075	1
567944	1
298862	20
561202	1
166896	145
571004	6
862869	1
145009	50
2918986	1
14392	1
1118561	8
1028571	106
493999	29
929095	2
15286	13
13100	1
581806	1
4301298	2048
3555655	5
308463	29
3252211	37
1024613	1
933156	9
613189	1
788023	14
924247	34
188282	1
466275	11
4480598	1
9665	536
812875	1
233220	2
848615	3
553595	227
545577	2
988602	519
249766	1
187398	7
953758	32
105813	1
195012	52
511219	2
1929983	7
740305	808
241247	4
560325	1
192342	29
344703	24
495788	41
575979	29
570128	3
221648	59
4407432	10
191458	11
4449410	5
1098184	1455
606063	1
4309427	3
3599421	144
4347840	6
614083	100
4343288	1
4399621	20
564290	19
4350013	7
616862	4
4273894	4
906437	12
63117	6
881590	13
804865	4
4373689	1
367385	7
567960	1
547369	3
811996	3
961783	4
705967	9
312531	53
855756	22
330353	1
534898	1
829918	1
131660	1
153046	5
289974	16
284123	1
711803	1
661016	2
4193309	2
331248	45
575988	2
592511	2
160178	11
560336	15645
553208	1030
540737	5
162955	750
13120	9
3700400	2
2874058	2
66199	1
4315675	2
4316566	27
825362	1
818234	4
814670	13
912680	7
4357657	20
348680	714
95300	9391
4438739	1
794280	1
1024636	3
808437	3
624891	118
814675	1
929713	3
817349	1
813785	12
754088	109
42636	1
4440018	23
904668	4
829924	1
323231	18
279187	17
853982	1
313431	1
910500	26
204730	1
321451	1
423025	1
567972	9878
587574	498
1080874	35
883387	17
4301917	4
559954	2
928829	2
306306	65
4310829	31
810713	1
4121939	2
336703	1
4351918	1
543416	1
173654	38
3319463	3
1109685	1
4318352	2
572924	1
3319465	2
1009894	3853
4469032	18
3576174	5
4318357	4
1102057	2
2426688	8
309382	3
828043	3035
908233	538
1041570	9
4315688	4
4347865	2
1027317	26
1127109	148
1027318	12
269392	1
368293	1
1055931	3
4346977	13
4430225	13
843198	1
1078207	3941
776472	133
26608	178
307203	61
304531	9
857556	18
359389	6
1067519	59
1072867	19
499378	1
336710	418
611039	2
650343	6
147820	2
943989	6
168313	2653
4361727	35
321467	3
798857	8
851811	14693
442743	926
304539	12
247615	12
191483	5210
4434190	1
140598	2
591642	2
772515	86
3723096	1
970318	26
146935	1
2971192	4
564914	427
960519	69
172777	19
2819725	2
1107510	2
573829	8
4238179	6
816470	39732
1101177	12435
4367474	26
917156	58
4436975	2
1137914	2
4396984	1
111093	1
66813	18
225243	1
136143	1
301870	1
329997	1030
303652	53
311673	11
348304	20
322367	11
1089908	59
851822	6
168326	11
261882	10
2924870	13
388506	26
4418165	1
3747264	8
155859	10
4438761	2
180403	7
2105443	3
1033571	2
4449456	129
1005952	5
4449458	4962
1103964	1
1042485	8
2157225	8
4404405	101
80086	1
779164	1
4421336	3
4320653	12
2283850	3
316132	271
102194	2
3453734	4
2277614	6
735002	11
911422	9
248521	2
301883	1
9317	1
803616	1
340197	1
552356	1
527408	1
783224	1068
350991	1
4337090	740
1967053	3
591663	1
872328	1
780555	12
4309472	7
566717	3
141105	1819
379608	1
4319275	6
1108422	3
808470	3
1046054	4
2558689	6
3465320	44
1843701	1
4301952	1
2552941	39
955594	15
4462432	132
1001007	68
4452632	100
128142	68
332182	5
4452634	6
1137939	1
570180	2
107652	2
705612	20
4462436	11
315256	3
137056	66
8433	9
543452	3
184381	2
4336809	3
741257	1
871442	1
584541	1
366147	2
4427090	4
285068	1
863426	1
381296	6
289622	9
375059	3098
484751	15
585435	2
584544	73
175477	1
2749362	15
183496	71
252995	178
289627	8
147859	147
180421	15
3548595	9
4227110	5
1119126	3
4432042	1
181318	1
291902	7
808486	3
1594232	23
1008648	4
4358599	9
2930734	1
1078248	1
857594	26
2740953	25
4041792	3
959169	55
814322	1
4346614	20
406145	2
135282	12
4396610	7
879972	150
4353745	15
1097955	84
249433	3
91797	2
4197922	1
804527	1
560393	2
766314	3
891054	245
552376	4
1010927	1
767207	1
159446	3
605837	1
559604	1
826904	3
276168	3
960555	1
175485	8
580990	275
352797	4
311305	2
100039	106
1768385	6
392994	104
199647	14
590798	1
172413	4
1133391	12
160832	1
4415121	3
171527	15
929770	1
4403542	14
4478992	7
3989856	3
2066374	9
3127555	4
4428998	3
2326547	6
1133399	38
927991	21
505053	11
4454432	9
1952427	11
4334049	3
4315338	8
4391173	1
912341	5
4371571	841
589010	1
1023405	6
225284	17828
616533	1
4442855	10
554163	228
997595	19
832156	4
208357	3
100041	2
327851	362
365273	302
589014	1
515853	3434
156780	2
989579	49
713656	1
6675	1
446356	4
529219	194
651287	1
961454	4
563079	1
850971	3
339439	2
202610	3
650399	4
737816	138
666537	7
851865	5
401306	6
326968	1132
540402	3
202616	4
201726	143
370225	5
252615	1
152823	5
2942332	3
4334052	18
4334053	5
1118259	2
4334055	21
2859978	4
513080	4
2328338	24
4314454	14
1067574	3723
4365344	1
1030540	2
825033	70
2896107	291
867010	9
3258648	8
277071	4001
4384058	2748
641490	23
1041236	1
810782	1
813457	1
5793	5
248563	9
398350	163
594370	12464
4060124	3
584571	6
4475936	11
269058	13
288760	4
105500	2
321122	20
604966	29
465079	630
586355	519
265496	250
335887	1
995425	400
141145	28
141146	9
993647	14
164413	62
37360	8
591304	17
892969	25
511908	1
174219	16
4333173	2
4448211	22
1722468	19
1026498	29
4366242	2
949396	16
26677	7
4332287	2
1039965	41
227083	50
4456236	106
107690	1
4462474	1
619224	1
529233	132
904345	3
4310500	26
908900	1
543491	1
867024	4
810792	1
4299526	1
587252	5
109478	29
848315	25
637049	537
4483963	285
830397	8
330043	1
766347	1
683485	1
274011	3
104622	254
377874	12
4200918	892
2550809	2
886735	4
360440	10
540423	1
688934	89
1109362	2685
173333	13
198788	46
130468	18
1018482	18
352427	20
893869	4
680415	1
4315361	16
163538	1
4315362	1
2850580	170
1000161	5
171559	2696
580629	17065
294618	68
307281	1
1123222	59
306391	1
4412487	35
11036	11
743082	3
2865835	3
589040	1
1073431	4
957024	45
4399328	2
3202924	21
815259	16
528357	19
445495	2
1089979	73
1073436	2
802787	13
4389529	84
247695	2
988314	9
149686	1
202640	6
820202	23
158598	1
148797	2
1062748	1
288784	5
1096706	615
754778	2
345303	2
174233	1
300658	4
1119175	1
110876	3
652802	12
182255	7
541328	1505
333726	4
156418	1
242845	1
4323390	2
593108	1
1029187	24
261558	17
225919	9
152859	8
4426851	4
1569337	12
3109779	7
1085020	10064
2331530	8
1068499	90
1111653	3
4344883	1
1102743	8
816156	16
1057402	8524
1110763	82
248590	1
1696855	5
219088	654
1030575	22
4388645	2
911496	3
399270	5
2362820	14
784184	1
805469	2
1696859	20
1144726	3
548961	4
416994	12
327895	9
221361	3
935658	425
4342704	46
300662	3
586387	12
534204	1
199694	2
842996	3
569459	75
584200	1
894774	25
128801	2
256215	18
354225	1603
199698	15
326605	9
105538	2
590441	3
287502	21
364029	2724
551139	2
331956	6
1935544	888
162668	36
143958	1
180489	1
4415177	22
1000188	4
1136710	4
536393	2
2350254	3
249492	1
1013657	155
918733	38
3177204	1
942793	11
313142	2
1100978	20
928538	6
4290143	52
894780	6
857259	69
4290144	93
1692902	1
167120	5
109107	962
920017	10
345322	4
305129	25
1560939	1
1692906	2
872004	4
139504	26
296420	2
514617	3
104659	1
254446	11
157327	1588
1109395	10
751725	2
325728	75
156438	800
165349	3
571744	18
3984061	1
1008311	4
186836	28
939231	120
4435784	160
1122364	12
1811208	19
954381	2
589071	3
538185	950
923098	27
3998428	21
835880	5
836772	1
1045843	1
109111	15483
748564	1
109112	11552
989234	2
330081	2
338200	6
4422913	1
887662	1
836776	1
926767	23
933896	122
114462	28
256232	6
872014	1
1096738	1
514624	8
4431828	7
548989	1
345335	3
132287	2
798568	103
789659	21
301578	4774
326626	371
300689	2
922805	1
431766	44
342666	20
571753	2
289306	1
186841	13
179713	25
217928	3
276834	71
189517	24
1007430	19
4429553	1
1995363	7
36125	6
3721621	1
4346697	27
4329768	1
4354311	67
4363222	1
996370	1
4372132	2
715102	9
4380154	7
109124	4
4312339	10
1020403	1
962010	4
2651538	13
168031	8
1061897	24
4340953	257
211593	8
1071699	20
524433	25
513742	1
1040009	10
746799	63
164471	7
560075	3863
339108	4
941523	14
302479	1
642049	8
301589	9
871137	2
334656	22
823916	1
931727	4
146657	22
11080	623
571767	7
4028110	2
37024	23
4305211	12
939252	62
4312342	12
4347598	7
27227	53
2489887	6
813120	1
1020410	11
81682	19
1110402	168
81685	3
716006	4
338222	47
577110	1
4024559	16
336441	13
888575	3134
4189999	1015
4443429	1
258034	10
74559	2
4296513	10
348027	1
532464	1
863124	3
698795	13090
780261	6295
584241	71
1000816	38
317734	1
106469	1
606419	7
334666	1
255367	2
546825	26
565537	38
439908	1815
750868	5
4407197	81
4309188	10
198449	289
1944498	13
4447394	649
1007452	91
171217	1
4401450	4
250517	11
3829957	1
4447398	1
1113485	5
3758679	1
1133089	1
1016369	80
1147446	66
728991	1
4043275	4
2724618	1
4369988	1
4335624	12
322094	2
106472	7
4336516	1600
312294	16
71894	3
356052	624
730272	1
176071	68
887694	42
1110417	6
4451458	1
699694	16
345362	225
4340975	2
1060621	10431
624246	359
337345	1
576232	2
148453	19
1529190	8
833731	120
325763	40
333782	1
815913	2
643950	18
335565	63
1042805	1371
220122	1
549506	4
4382956	20
1090029	5
557526	2
335568	8
294682	1
299137	2
563764	8
893534	1
288447	514
161421	1
563768	4
287558	658
286668	1
365967	10
349929	9
561988	1
366859	2
161423	11
1934300	2
330714	9
2810058	3
2912622	4
380713	243
17444	4693
182912	1
1934305	14
4419788	2775
1112200	252
1121111	4
3232397	15
929476	429
4468897	4392
3890155	10
1099445	4
2200116	2
1013304	3
338242	15
543173	1
3773438	568
347153	34
533373	1
4363259	3
6374	6
578022	1596
673360	1
353392	140
4316928	33
593171	1
364085	6
264293	4
1782947	3
877500	3
556641	107
4350788	9
535159	2725
531596	6
221022	5
3482979	1
308848	2
568228	25
199354	3165
245588	2
351211	11
324888	50
546846	101
791973	1
1125081	11
883748	57
1104592	1
152527	1
45074	53
4313261	23
4312371	2
2946997	24
3799784	203
23694	22
4108335	14
4318710	22
53098	22
4321285	25
1028964	6
822060	5
4316930	23
4412168	1
4346334	1
3046189	9
1598513	4
4425634	7
3141120	13
910272	2
3441895	5
1021335	1
4451477	12
818603	11
658224	43
838207	1
1140833	2
344495	1
310131	990
328458	4
861375	6632
256287	3
295590	11
555763	1
353000	4
636845	2
523589	2726
104313	115
243410	3
557549	1
263013	24
890882	1277
286686	1
279558	3
297378	1
770499	3
564678	1
165005	7
297379	8
240740	3
392310	1
271035	1
881975	1
220149	42
275997	1
162335	53
163227	5
151646	61
242528	24
4403262	9
2848995	27
470724	1307
4428313	143
4339214	61
4469400	1
2208658	4
1682176	2728
715152	2
4302587	5
1110442	6
4379411	25
191849	1
4318725	1
2896811	4
4328527	1
4449803	124
239362	7
1079866	2649
4456933	26
574480	1
4295664	1
107398	24
4179834	18
1055306	8
4474756	12
859700	21
817725	1
819507	3
337379	1
1090059	6438
4474759	31
4383878	2
752685	4
220153	774
795553	1
316888	4
868615	3480
221045	11438
971971	24
662695	20
113235	2
351231	7
399950	9
831987	245
332522	4
573599	1
3407052	2
353017	13
134726	9
340547	1055
791998	60
2654261	1
350349	2180
354905	16033
174924	1
4453271	1
2475174	48
2901965	9
166908	158
8181	1
536071	1
1023134	1
3267277	3
290759	2
4385660	33
89853	6
4299234	5
338273	387
912078	2
257195	20
817734	6
927328	34
1046408	13
584294	2
574493	3
3163524	68
4440404	48313
533002	2
4330813	4
277793	2
107008	3
873972	6
43917	1
981783	905
779527	10
995149	9
300357	1
521424	1
243433	11
367789	5
324517	1
236308	18
137408	9
273830	1
590136	7203
166911	1284
285415	2
562516	2
354913	2
395008	16
4329430	60
593803	73
4469420	7
272947	1
3228974	2
2225203	12
715174	3
525391	821
1000872	3
827541	1
577170	21285
854272	28
4333897	23
1021368	54
4473883	189
91144	5
944266	18
3530625	1
885560	2
774086	6
758048	13
995155	2439
129798	62
797357	1
545996	7
662310	4
114148	2
138304	8
164145	20
4461906	3
551830	5
197214	1612
1129680	1
144547	4
564309	1
561636	393
1951283	164
4348151	81
290774	8
4306177	1816
4314198	1
2137001	1028
4416763	2
4401110	13
517381	6384
2034540	27
4477455	48
1123941	2
638661	411
586093	941
516497	1
4460024	5
829337	7
1035736	3
943386	24
349981	1
932696	2
630141	32
300373	2
943389	256
259993	134
4172237	21
72449	68
314731	2
997942	95
434127	2
316515	2
138316	1
300379	1
697578	8475
501844	6
332556	1
641832	30
224745	1197
332557	1
168712	4
461851	2
167821	11
250586	1
543824	684
981405	6
911808	33
184753	132
178517	1
581249	4
971607	1
4307078	5
1006231	85
193668	1
585807	4
1015143	5
99682	59
4302222	1
1005347	1
1054451	2141
927352	3
1141770	5
808851	3
2224336	132
84033	5
808852	3
2235029	2
1037526	30
897161	17
301270	6
106141	458
221080	142
928249	5
439982	10
4062650	456
2851803	29
448893	2
4344207	50
934488	1318
203264	100
1025949	1
311077	1
4351338	1
114166	3
351272	8
815989	24
821820	1
902903	12
551850	16
813805	4
206938	62
982306	812
160200	1
143678	1
590168	1492
571458	3
69292	12
460975	4
4438166	2
585817	24
1015154	9
2949328	23
3313143	2
290799	23
1138214	1
839152	18
3304236	77
937163	8
4457872	4
846283	1
4478367	26
1035753	14
4344213	24
4305901	1
895390	6
1051793	45
1115946	1
558494	1
613230	20
400183	1
2297611	3
4359869	4
3260684	1
2991800	13
303066	1
4424408	4
516115	36
1084865	11402
4364813	1
4323728	1
760350	4
9710	722
548699	492
521463	30
824502	15
318315	12
513445	4806
403853	10566
330792	1
4482428	11
4365707	99
582154	20
774710	2
304956	1
152595	1
352179	7
356733	459
379009	1
820945	4
341488	47
304957	2
170010	2
582158	18
331688	262
170011	18
812929	30
890546	3
584933	5
169628	2
1122081	2
192795	43
461877	15
584938	5
16234	4
1127531	1
1039322	7
1128422	9
608293	2406
1028632	43
818672	14
908663	94
1124863	23
879361	4
957772	2
318320	48
4326406	6
43965	4
4313935	7
532163	31500
104385	4
114186	2
4052873	8
351292	1
4052874	4
4404819	27
224771	1
143690	252
1040713	1
335256	35
326348	1
364760	3
199034	3
133892	9
553653	3
237249	2
551871	2121
164187	30
617806	5
3090117	3
294374	8
637409	75
9727	9
1657293	1
251102	3
160220	1
312988	8
587616	6
783638	2
265868	55
587618	10
1896186	10
151317	2
298937	11
172804	14
809772	1
15357	12
1136455	17
828483	25
4451152	24
1107945	4
181717	32
4207910	40
4405713	6
181719	7
104391	17
4362057	7
1097359	699
4342458	98
541086	1
4364835	1
647215	2
337048	3
747007	1
238148	2
697211	27
344178	1
930555	65
219439	1
885214	1
820963	3
414568	8
672166	10
444962	2608
354971	32
197265	1
296166	2
863832	9
822748	1
151320	1
1106060	2990
276567	33
874528	4
363887	30
1749079	338
579608	33
373689	1330
862949	16
3159130	15
2517611	5
1148045	3
4452050	1
171922	6
15366	14
4338003	3798
4354042	6
3888577	1
15368	128
3552067	18
4311177	22
190637	17
190638	6
1045587	23
2783236	1
968485	5
4357712	8
4333556	66
316560	14
916303	126
816512	2
637421	1
336164	7
711275	125
619602	27
515257	6
4374645	4
629404	15
921653	32
365670	8
557235	20
4454839	3
4380886	484
289047	1
1112908	1
961851	11
546546	2
2869170	16
210036	5
867408	1
264994	1
820978	5
355877	1
188369	3
694558	4
298954	4336
361710	2
1119540	1
142429	25
270833	3
2805415	53
360825	1
4427114	16
28841	170
99331	1
4430680	21
3855116	6
4352273	6
3220120	4
1066089	429
2540794	2
20321	3
4306836	174
316571	8
834341	4
1070143	1
326373	2
515265	245
216781	8
1000547	25
2260620	1
255095	3
527840	11
949789	20
4350499	5224
236385	1
2191123	63
236386	1
307666	2
455671	7
405676	7
219457	20
617833	46
537644	3
308558	17
915428	50
641891	198
248961	1
587640	2
196392	1
338952	6
910974	16
688324	2
546557	9
339847	2
338956	3
388951	6
342014	786
299851	251
303702	1
520215	170
995822	5
301921	1
187488	7
150451	74
571103	20
570213	1
220844	48
192432	1
585869	2963
301926	4
14492	2
2429421	28
994939	6
1036691	24
165706	2
1726426	5
15387	3
4477120	1
3779896	10
3734841	1
4417325	26
1901956	4
3734843	1
4412873	2
2237866	20
559030	3
73000	745
327271	78
826331	1
989990	75
4332687	3
860192	2
70331	3
1791578	45
4463765	5
646353	959
4313979	12027
548345	1
200250	8
103132	1625
316587	323
520220	1
2053922	6454
198185	2
138389	75
813868	2
553697	3
134422	1
980586	5
1809696	47
283320	63
593894	581
873669	1
660214	1
5803	33
585878	2
1129362	2
353713	1
220856	29
1126691	562
352825	48
592605	1
2775244	991
811091	1
4416445	1
705062	2
614182	7
4425358	18
4403974	22
4431596	2
2086000	1
932370	3
613294	1
227491	1
1087597	2506
1059977	4916
4334479	189
4430300	3
4472685	1
1036307	5
2181341	6
297093	3
834366	307
977027	1
139289	7
2072645	35
1041659	26
268585	6
313521	2
878129	16
572010	6
4330517	8
683891	92
821898	3
684785	3
420444	26
111168	13
383122	38
1008093	24
496787	765
682601	6
298988	20
161169	16
171961	11
4436051	65
245916	3
680824	2
4344283	5
1108886	3
1646259	2
4297161	3
1512104	13
4468234	30
919014	3
4308647	6
4475364	1
4395175	3
4365774	1
836155	1
877241	1
1105816	1
4455767	7
557275	1
429862	4
387095	38
744387	5
104044	2
899620	31
513114	15
726569	1
868337	25
62339	7
522025	11
4310927	1
132661	39
213742	6
766768	26
138009	1
4470518	26
162067	1
256614	1
241368	404
303739	4
188008	8
4428042	1
4328251	2
157716	28
353737	1
4415571	26
3228684	1
4245392	2
1134331	2
4014120	13
808540	5
558170	1
4210142	7
1051470	6
4423598	1
15018	2
4484286	1
4423599	1
4364892	1
2885855	1
3531225	56
3965747	31
4301027	28
636582	1
3875757	3
516198	1788
918139	10
875470	27
837058	53
46306	2
1041675	1
4397962	1
956553	24
4452700	54
489671	7
879039	1
514015	11
103166	5
945865	19
1076528	29
4352912	94
294040	1
572032	9
143362	6
132670	1132
100497	1
888944	2
292260	3
640641	115
512239	15
168415	1
532835	1
730637	1
544419	6
199701	4
540856	188
495515	46
353748	1
197924	491
4369352	1
509073	1
3439964	4
1127215	2
329096	10
2389479	7
557292	6
4341232	1
819247	3
769450	5
4482110	6
308201	3
804995	1
530061	2
777473	11
217320	3
646398	6
1099802	972
4483006	262
812610	1
2234838	13
304641	199
128223	35
151390	1
554221	1
544420	4
553330	24
1094359	24
929839	2
578786	2
635304	2
86519	5
972201	3
4453607	5
244056	4
350086	2
128227	25
151393	2
341178	1
154068	20
250296	7
221784	31
614814	5
338605	1
238813	1
751138	3
134467	2
183571	52
560465	1
4418260	5
565913	3
4318470	25
148827	2
335938	4
450877	762
675509	2
950828	2
3985360	16
4418266	1
4425394	1
199716	30
992806	1
3586095	167
296837	2
3908638	3
289709	86
4300152	10
69993	1
4415598	2
1039016	14
4415599	1
808562	1
1127227	5
837075	4
4399761	3
190309	9
818369	945
53457	1
514033	3
4322535	11
977068	1
4371640	5
67813	4191
144272	1
832223	3
4471435	1
359103	2
4454507	1283
543541	239
8523	11
383162	1
321584	2
814406	1
238820	4
132693	1
8525	7
354652	2
516814	4
177343	15
564037	53
4362739	4
780650	361
302877	2
851932	81
189920	1908
3908642	9
347529	4
444649	1714
289714	4460
880448	4
292289	12
2529278	5
993705	138
583746	2
1137031	51
4369372	1
3908648	9
4407586	9
4456691	8
3876672	188
1052390	1
3876673	23727
1104960	1
4301055	10
4414311	25
4458476	14
99001	1
4448676	5
1095260	8
549293	1
1104963	18
1088134	778
1018538	1
808579	2
4402735	1
3256931	25
4374322	9
1146945	2
912420	1
34757	45
4143457	1
744023	4
503354	40
1067649	25
937878	1
834016	2
635323	10
109535	3
553352	5779
463361	80
4069606	23
302883	9
349314	6
238830	11
541771	1
269125	1
364462	1
578401	2
744029	14
241001	1
101015	3
337735	26
631767	1
245965	1
687109	4
2529285	33
195179	15
499109	5
176468	19
745917	1
353779	1
573956	1
576629	3
2133180	106
592669	1
1109422	51
162702	3
4328299	1
4301065	47
4359586	11
191218	7
1089033	621
1765402	5
4301067	5
1132594	235
1109429	5
1134377	4
3785400	1
1002005	2
1134379	6
1064981	30
4380570	28
4391262	12
219134	4
305561	1751
804621	139
998574	1
982030	2
548015	1
563163	1
4298702	19
342096	14
539107	1
4454529	7
799884	8
158651	1
217358	1
336852	2
686223	17
2194878	10
922239	9
107767	3
508816	3
195185	1
108659	11
1906483	11
875118	5
168456	19
588216	17921
876009	1643
572079	28
872446	3
762854	3
328838	8
567725	18
335967	2396
585547	5
410307	33
297756	2
341800	1
295974	2
566839	9
4359590	46
681779	1
301608	6
2204474	55
1124584	8
3721058	1
1067660	7
4432154	10
1105876	3
1113896	1
38338	1
1048953	5
10212	12
4454531	16
4314545	9
4303853	5
76751	105
44577	10
309133	3474
4346722	9
2487129	2
1140223	39
4303856	3
218254	7
316264	12
61102	28
528421	1430
4479989	29
4302967	1
4337815	905
538223	17
3410999	17
643362	133
4460775	1
562282	2
742264	4
4473249	3
308249	27
326069	76
816219	130
652276	10
284293	9
589114	27
576641	1
851961	2
106887	209
114500	10
187179	1
593575	1
781576	3
887706	1
260730	1
975918	3
279948	14
124309	16
28540	4
580703	1
1047077	24
1998479	4
4403653	1
2264285	1
3654345	1
4328910	6
219151	7299
1059655	3015
1068565	12
938794	2623
808202	554
2264288	3
3461892	2
79436	51
4447416	4
194909	1214
1147868	1
4393066	5
817115	9249
830481	31
714651	1
4464348	1
1102814	4
1052027	19
218267	2
4454548	5
589124	655
963344	255
344892	5
950872	17
322112	82
114510	215
335984	1599
791385	3
511006	2
297771	18
533787	84
224105	3
855538	7
2084904	1
827919	1
141244	124
586458	228
575768	1668
252720	9
333802	8
886828	1
4409001	1
180552	6
2116285	5
1019465	44
3406555	4
2624257	16
1105894	91
4309216	3
1078373	108
1625448	10
1625449	11
1121530	1
923151	26
4454552	123
646051	1
4344960	13
4392183	11
4322588	13
840291	620
809106	2
930283	3
545371	37
1003923	74
4446538	984
804653	10
269163	1
794061	3
981172	3
556066	2
1081541	383
4381497	35
517754	6
216497	4
158682	5
804657	6
357376	1
511013	1
960682	1309
4394966	4
711998	425
197991	1
134126	1
557957	1
558848	9
342723	1
582502	4
343616	1
3638321	99
252736	1
4333280	933
4447432	7
99056	1
1105502	87
1024422	7
1790396	12
4402787	6
904452	5
1049878	1
4385067	21
2875735	474
965141	1
4365466	2
1000269	71
3964538	21
831393	1
4363685	1
812682	1
548055	1
927720	4
932077	1
239771	1
936633	29
801995	10
224123	29
996434	4
960695	810
343620	7
969707	7
205417	1
550333	6
730315	14
165421	5674
2281837	6
697954	1
593201	1
1805440	5
140377	1
114538	5
993769	3
386899	21
1733274	2
513808	7
273239	2
170774	2
4325272	1
276903	2
592317	7
280369	1512
4448331	1990
384716	97
4325275	1
1000273	1185
2257189	1
1810798	3
4448334	1220
2130162	27
537370	3
1105514	1
1066410	118
1126009	23
526682	6817
229980	46
675580	5
419765	1
764682	35
921399	2
3272632	151
248695	1
695185	34
2410938	12
989315	53
684494	11
648854	5
835964	51
846656	41
405006	8
311452	1
4372206	4
696078	5
879723	38
575794	1
669349	2
125235	2
541432	2
557978	1
167215	3
977739	4
340960	88
270572	5
540546	1
245625	2
523618	1
370367	1
137816	1963
564704	384
562924	2
1519447	1
2749126	40
188706	2
4413494	1
1134031	1
719140	2
1877831	7
4414388	18
4448346	3
2082160	6
874280	13
667570	1230
1104638	375
844880	2
319982	5
4344998	9
2163247	6
902698	1
348496	1
1056626	2724
656881	858
669356	8
616688	2
659555	9
126133	38
1062865	82
257210	1
412145	2258
759349	24
796871	1
810522	3
745987	11
63937	11
521840	63
893992	6
424721	86
4361528	20
487598	28
2182957	32
656889	165
301667	10
174353	4
171681	31
157428	444
590554	178
137827	22
332958	4
4439440	1
554916	95
3639246	14
170798	1
2202350	6
367808	1
367809	5
818052	1
1134043	25
815380	5
4323110	49
2768843	22
1504802	6
3732401	21
4457268	22
826076	3
4399453	371
3200278	1
4395890	17
528484	13
855580	9
509773	23
119010	6
4471122	1256
4364205	1
587395	2
4431922	22
765596	1
2821809	8
224155	4
552143	15
202772	11
977756	1
1062879	14
521851	1
862312	24
542345	9
521852	4
107438	8
129813	1
301677	3
260790	1
219804	395
525418	1
351673	1
236734	2
167237	1
576305	1
467605	16
103879	79
172586	2
245648	2
930926	47
296535	2
147639	1
270598	8
366926	1877
4307484	134
581658	3
4475092	17
277829	1
170405	1
817176	4
1041394	573
170409	1
727186	1
4328976	2
1141188	5
806487	6
929544	25
3472245	30
3185345	2
1135946	13
1593129	1
588296	2
1127928	6
4354415	4
249211	4
4424807	2
501267	59
331087	1
212584	5
506713	2
1030307	1253
820346	306
851630	228
1087938	9
184174	2474
245654	1
983600	7
572750	23
851634	3
853416	1235
575425	1
345448	3
940735	108
567406	168
187841	1
341885	2
130212	9
251897	3
582558	1
4466196	1
4306201	3
1107335	252
1028036	31
3101394	36
70091	4
628293	1
170417	2
1008436	44
1145751	1
4320462	4775
4426998	255
724120	7
838674	16
1063783	36
549991	9
510182	1
814112	64
3384047	38
820350	2
307036	1
93366	1
4396401	48
1065569	47
177051	23
996487	6
4094258	13
4296615	1
533457	1
1050914	1
699789	6
297442	2
219826	26827
265267	280
971038	64
104789	23
656517	6
532569	39
584347	1
571873	18
342787	101
140024	3
697604	1
131115	9
590586	1
172202	2453
653849	5
240810	4
3154070	2
1523543	1
1005773	12
4233151	11
1132297	2
1037951	1850
4334830	16
47933	1
910353	1
877991	27
349024	40
955003	4
700971	8
656520	1307
701864	179
820367	268
349028	51
560196	1
4393745	3
942534	65
561088	1
3110915	7
726913	3
591482	2
942536	542
364179	1
533469	1
520995	8
864129	7
256369	1
336559	18
567427	2836
555844	128
557627	1
294782	4
562973	1
320016	9
70706	9
173100	93
165489	178
277855	1
383885	1981
2113291	1
688708	1
242603	3
588917	1
1108244	4
340614	6
4438594	1
4449286	11
291711	1
4419886	1
242608	2
4447100	2
1047760	15
291715	20
4399495	27
4323156	16
405062	4
1931737	18
73782	20
812351	2
339231	1151
346360	1
1098655	9
959973	32
3486634	8
640392	1
880170	10
1081222	2
4059528	6
969777	61
586141	17
225088	92
539810	1
517436	2978
4383953	3
289441	1
324983	2
895421	3
956902	5
690395	107
679803	1
104405	31
816919	61
294794	34
1126072	5
885628	20
1134094	6
929580	10
153518	172
4348210	5
1048661	368
4315145	1
4365143	4
4412268	344
1031232	1
4370491	12
109263	1
545061	108
4335746	1
927402	174
819999	1
725048	8
4399109	1
495270	3
888300	4
82303	1
544177	1
344593	16
11816	2
646743	1
275097	3
1094701	29
574573	26
220242	19
562992	17
924739	2
100850	8
236789	1
573686	1
112434	5
1084906	3768
972955	197
650800	6
530416	2
241734	1
4316042	298
1513771	1
3449122	9
4401580	9
68451	14
4411385	3
1636835	8
1128867	79
192839	1
517450	1
910381	13
1005406	9
4377731	12
3284299	8
813266	1
4369714	26
84499	5
168183	2
318764	78
683282	107
926526	5
3173413	20
222032	7
4297549	648
884751	3
996126	7
639627	6
1133819	1
156200	1
299267	177
354004	1
310247	3
539839	1
421722	1
592004	1
694975	1
197698	2
224813	101
541119	2
271147	3
343318	534
331738	13
1049574	20
4444460	86
1663575	27
4365165	1
4321001	1045
4387542	183
811492	15
926531	1
4354477	19
4325965	30
4379525	5
14505	14
4407939	1
822187	1
4393783	4
14507	34
828524	2
455096	23
92123	7477
4477537	75
831098	166
4311208	2
74305	3
4473975	18
267097	12
917626	1022
12727	83
894560	3
889215	21
287691	5
548754	2
579049	3
513500	5
4482888	20
4482889	5
744776	14
951488	42
100870	1
499851	2
253331	1
1092944	3217
343322	43
144630	1
630225	19
182052	13
1108282	691
520638	1
185722	207
355904	1
1059382	2
231957	1
4366060	21
1108289	315
4456052	13
1129773	36
562618	15
4256470	4
4455163	20
1023241	7
4424871	20
4008675	52
805262	1
59566	762
518360	3
509452	1343
955052	2
1532107	34
1111456	191
3053045	1
1067006	2
10952	39610
746562	7
327694	2
614597	1
952388	3
113352	5
522420	12
72536	210
159299	1
156221	3
949816	12
538967	2
686972	1
930600	132
584001	29
981894	20
541135	10654
170481	2
580440	1
128604	77839
611528	60
512629	2
355913	1
1871192	4
161579	4
581339	21
47990	15
618161	5
627071	13692
1105225	1
1003653	2
537085	3
4424886	4
2024840	7
917641	65
10961	6
816960	3
4327769	13
1041079	9
909624	5
804388	1
798350	2
1070584	4001
819636	30
809836	3
52942	2
1085832	62
4296689	2
549666	282
4295798	16
710432	1
10969	18
532232	1328
448985	3
1140978	2
4352318	7
299298	4
4332717	20
957846	1
202466	1
406604	5
238205	4326
778758	1
155345	1
133961	7
296222	4
238208	1
226626	2
19381	15
298006	1
510857	7
773900	10
288207	4
321966	21
2704188	3
1609149	8
154459	1
167924	2
159906	5
179508	2
692823	8
197329	5
268609	13
2611121	1
4454295	1
14535	1
1039405	5
806179	5
4475784	8
4318869	5
56512	716
2054256	1
4354103	13
2075740	6
676195	5
587096	1
829448	1
311173	62
809848	1
1084952	1038
996167	14
533133	25
237322	5
511751	12
833502	2
4481624	5
147334	6
300487	749
592043	2
166046	5
730049	14
563532	25
347911	2
575116	2
576007	2
276632	1
102689	1
215946	23
544824	36
137539	9
591158	28
573338	335
1756274	4
269509	233
194667	14
15430	2
1107027	9
15431	14
4298480	292
15432	41
3746876	2
2134452	296
3435412	2
4467774	101
3057630	29
1110598	3
934594	1
1073276	11
303161	1
628982	609
4420943	5
1036749	21
139321	42
776992	1
899059	1
317522	12
440481	1
510870	25
942214	1
510871	2
547502	1
564431	1
318416	1
903902	3
4384516	12
217734	5
244464	6
3189609	18
359502	171
801339	15
239119	1
814805	3
543942	25
194670	94
225757	6
252487	1
334459	24
388019	2
961922	1
4429360	2
9819	1
367528	1
1106140	1
299913	4
2334040	21
15440	2
1105255	1
1137430	1
15441	13
4338486	2
299918	61
857082	4
3015662	2
1075065	16
74354	3359
3887769	66
518002	369
2497305	3
96731	27
818777	516
3781237	15
817888	82
255161	88
45848	1
517116	7
752440	725
3195854	1
530483	1
942225	2
154482	1
158047	2
951136	11
697302	1
187551	4
167950	1
288235	1
9826	6
167951	5190
556428	1
276657	1
1995182	6893
560886	70
543958	2
4438284	3
1902911	2
4371060	33
1098340	5050
73471	2
979261	27
919466	3
15458	55
3605617	3
4449979	23
91296	31
4453039	1
788593	11
89615	3
115186	13
326452	20
514453	90
511782	1
263193	5
4380971	34877
4387208	41
965500	7430
227555	1
519902	3
1076969	51148
755126	46
544851	72
2295957	13
2295958	2
1051517	156
466445	1
2201	5
785522	12
4380976	23
975306	1
1082804	6
539509	6
893335	35
2797090	1
60609	1
197367	29
288249	2
571589	483
945908	28
497737	4
331407	1
4319793	7
1057260	10
1024197	3
929275	2
4335432	20
820070	1
4441462	64
4327415	2
40011	23
1044796	17
1111115	70
4297222	44288
4335436	16
4357811	65
1068955	27
4460179	1
4331876	459
60611	1
780083	9
566243	182
1130824	4
334485	5
287361	8
511795	32
813944	193
537734	60
1848083	1
813945	9
788205	21
225786	181
983335	1
675940	8
9846	27
833549	1
569912	1270
356864	22
573379	2931
294497	13
543978	1
355978	22
684858	41
4479392	2
321618	25
27055	7
1148153	553
14583	7
939084	866
1056382	69
164904	14
1109844	5735
1049256	13
174708	28
32002	6
1056389	12
802262	26
318451	1
1064003	1
4397025	2
93099	12
75279	1272
2231214	1
923540	3
4074385	69
1871858	1
203010	1
811179	1
305982	6
555562	22588
622288	32
403994	1
611597	4
351020	1
