277574	37
265992	34
216888	7
593980	3
341223	1
323403	216
211039	335
275796	9
402704	33
271830	1020
190750	4
518040	1
4476330	73
1991255	6
181849	1
405780	12
4300206	10
563591	1
300143	9
228479	44
110361	5
277588	84
266896	2
277589	4
786449	31
322525	1
267789	3
214715	123
260156	32
310945	6
350149	54
195215	1
230759	5
1109864	9
262935	13
262936	1
271846	5
191656	81
1108974	37
1111142	1
1110253	28
591818	3
318470	13
4345268	8
2411216	1
327383	1
816642	1
574290	6
509149	16
199181	119
378273	10
300152	1
259771	3
289175	1
259772	10
289177	116
447776	7
348875	33
431235	5
3919792	152
899714	2148
315405	2
233435	1
578857	10
353820	275
274521	60
345802	41
157802	1
3919797	27
272742	21
345804	22
352933	2
193444	6
192557	1
167609	7
272749	11
181868	26
270968	16
199190	1
95502	1
111271	2
347991	11
343030	12
579750	8
95503	3
269585	2
1131759	2
824678	6
573010	7
563210	1
341252	211
261063	1
277200	44
261064	20
554303	1
324326	2
531038	2
330564	4
196122	3
276312	5
277204	17
273640	4
897946	1
264731	3
267406	3
831409	5
171079	37
277208	1
173852	1
181871	1
361853	413
311859	99
182764	4
167618	27
271866	5
273648	29
272757	3
273649	7
1757845	1
817550	73
1107703	3
529761	1
368490	18
2120775	1
4464787	12
548475	1
701221	1
349783	44
956654	6
351062	20
351063	2
303841	23
326116	142
349789	1
216524	181
188112	1
267411	10
292360	2
355621	36
187222	58
730733	2
197025	2
263850	5
277215	4
262960	1
276325	97
188116	56
193463	14
182771	65
177427	1
258508	5
354736	21
274546	11
165845	1
175646	1
590951	2
273657	52
346719	62
270984	6
265639	4
272768	154
759751	15
104164	1
646499	79
301079	6
349798	24
355630	1
322564	17
209408	17
277224	1
187233	819
265641	65
114964	1
350188	33
720944	6
262970	3
683621	36
271880	10
344943	4
328905	16
348508	1
362765	5
192585	7
356529	2
270993	8
352965	176
183675	50
191695	21
174768	10
1109505	1
707986	1
3694603	99
309206	5
324354	3
178331	28
833216	26
189024	122
258522	15
261097	1370
174770	3
194372	1
863612	2
443853	3
182790	9
279019	7
263873	1
264764	16
297831	2
533847	19
230403	1
274569	6
1111191	48
272787	70
192598	4
1722623	8
38415	1
919158	1
4432234	18
825201	2
235262	3
318125	5
138144	6
153291	2
331491	6
351094	6
258530	1
306545	52
177451	1
168541	5
268333	5
556126	9
322585	30
279026	10
661266	2
177453	6
196165	20
174782	2
173892	4
266556	1
173893	1
694337	8
262994	2
273686	27
194388	1
271500	79
192206	582
191318	3
171718	1
4450064	3
849770	9
539202	2
339622	1
275470	62
267452	53
4481359	67
306558	1
295075	1
345862	4
720973	47
742358	2
550793	10
110034	2
275474	1
213896	163
562376	24
661278	1
462585	4
267457	9
275476	234
296960	3
300811	3
264787	1113
288945	1
290222	7
263899	5
193103	9
330219	1
341902	2
1106861	3
191325	182
4406410	1
1106862	20
272407	4
1107755	24
1109539	6
96451	470
1107759	1
147071	1
209446	1
459025	5
588320	2
1141218	1
269243	377
268352	28
189057	8
346764	173
347655	11
269247	11
300820	3
353896	1
584765	17
274599	3
198963	473
331117	100
198964	2786
262610	1
162820	80
290235	1
341913	36
1107761	316
172624	7
1105981	2
263508	2
1105984	180
4410881	2
307462	15
548133	1
317265	7
4435934	16
554372	1
267470	3
315485	34
813654	58
187281	60
266583	1
345882	230
196194	7
186393	16
279059	8
276386	30
266587	1
348559	133
265698	3
203713	435
372213	8
551305	3
303508	7
352612	262
242029	1272
274204	3
164612	2
260842	3
262625	24
272428	4
571905	163
1109559	21
326180	3
318163	1
316381	12
208571	79
4430498	9
308365	1
537452	8
268372	6
523099	5
315496	9
579431	24
70137	3
366386	1
247883	30
349458	1
329856	499
348568	118
349459	430
820798	28
268379	2
197099	15
102049	4
174420	156
304408	83
341930	3
190460	2
174422	7
302629	1
175315	1
273325	3
352624	9
351734	17
275109	4
344607	1748
262639	4
195919	1
356590	63
4429719	19
277293	1
757642	1
324013	1
258586	2
259477	20
276000	10
133341	98
739826	55
313324	18
213533	5
242046	3
310653	16
792399	1
871698	1
266203	274
215317	241
440840	45
174432	4
355305	21
262642	1
266206	25
272444	24
185127	1
210867	9
264429	1
4377150	37
196815	23
548161	1
217100	105
1076316	9
331150	1
863682	37
766563	2
312440	3
268396	78
338786	264
316006	1
508968	1
516987	1
240271	15
302641	169
321353	4
3172943	6
211761	7
316008	43
567875	4
3172945	3
523712	1
275123	103
174441	6
186024	192
194043	268
299687	2
997439	31
276016	6
3172949	6
271563	5
272454	3
190483	6
230479	2
171772	16
361556	2
263546	4
181574	1
264437	59
514809	1
325918	1
198604	1
195931	277
582627	3
1069592	7
195934	1
297509	6
1108699	177
195938	38
818144	27
635495	8
269294	2
1112757	74
259494	3
322250	5
338796	702
100296	38
258202	48
275131	39
312455	64
311564	26
258204	110
365125	1
182470	10
352652	199
154850	9
562038	2
471157	5
275138	1
266229	526
851715	21
196831	1
184259	18
271579	7
181589	11
179907	24
309290	1
1517779	7
369090	1
1112762	1
305330	9
339695	19
214450	10
357111	1
323154	33
234054	40
576400	20
176242	1
292073	1
356226	165
182483	1
345536	10
262673	12
466811	13
336627	1
530866	2
161993	185
175358	18
262677	1
153978	3
1569569	2
4379961	169
4477971	16
102090	1
4340153	38
2822804	2
528596	8
320490	12
178031	2
232283	10
4296701	4
1020605	1
319702	62
276044	13
217139	97
336632	116
312476	16
264461	45
319704	1
355344	2
317924	1
271592	26
291195	1
175365	7
851733	29
268029	15
266247	6
547903	1
157546	1
269911	6
275159	74
379505	85
523749	1
318819	5
571965	1
571966	1
190112	13
162898	335
179927	15
270303	35
196856	7
190114	143
36330	2
180314	1
181206	2
190116	42
3605008	4
2316624	9
1107439	1
1105659	18
889661	1
321390	144
259120	413
214471	449
276050	146
561171	1
471180	8
3176547	3
510286	1
258232	1
178043	55
175371	4
212694	8
265363	20
114686	1
355355	1
266255	5
531773	4
274274	15
545139	1
175375	2
309916	7
189730	4
587117	1
547913	1
345557	6
265367	29
185177	1
199532	513
351794	36
655725	1
175377	16
327739	8
383971	105
273388	23
342887	10
102704	2
277946	2
160720	1
295768	1
909065	3
340706	58
4460560	143
233191	56
4397402	2
259132	11
703741	685
268043	63
204684	1
568410	19
335762	11
352691	6
521982	3
535348	1
329528	6
185186	123
263595	38
197762	1
653954	1
187962	194
197765	3
130335	31
294885	2
4459184	1
351405	285
179949	7
261419	2
1107458	10
260529	40
1107459	1
308042	2
193807	4
447141	1
4480176	340
4355436	953
275180	2
178061	13
817903	2
353593	26
98939	13
582682	1
274297	253
572882	1
211422	41
188862	32
593376	99
383992	6
272111	10
530502	738
197775	2
263203	124
322900	36
231028	15
321019	1
1107461	2
277967	2
330921	15
342504	51
262315	1
269949	23
196889	4
1108356	27
360329	27
4479793	2
1105687	124
560906	52
372906	18
4421276	12
815132	3
830280	5
1111522	23
308055	64
259150	3
4467810	1
306275	1
349142	19
3452788	1
414089	390
259154	15
345582	188
834840	11
267175	19
347367	4
712677	14
106698	10
198670	1
4395648	1
336676	1
397363	28
588038	2
265397	2
637934	1
398255	43
559527	10
264101	401
197782	6
179964	6
333602	1
199568	7
264109	1
274901	9
262329	9
192930	27
233817	50
260547	81
561808	1
307170	12
4356342	7
193829	14
607540	78
339351	71
206494	142
217186	101
276091	97
349153	14
732285	1
337572	110
1110647	33
407963	36
70830	6
320141	6
339358	6
851782	4
267188	7
197790	8
312126	2
214116	233
585377	43
898217	5
351430	2
210554	3
332720	45
288677	4
271242	9
4407030	1
189778	3
382721	12
275804	42
1108378	33
196508	1
186707	2
49854	2
1110650	5
1113323	151
1099674	171
258280	2
3141342	1
268083	3
309960	1
268084	2
258283	3
336691	158
214120	30
309963	16
198690	9
336696	127
534498	46
749329	24
851794	6
335401	474
269973	337
215018	43
305009	3
264123	2
322931	1
751601	8
216902	25
191064	2
100975	1
265018	263
173245	54
189789	6
484304	295
276701	41
276702	2
195621	2
422727	2443
186711	8
177802	5
761408	9
351449	162
323829	8
290963	14
4308149	1
96194	2
275819	15
518460	1
588060	6
2366688	17
248492	2
349175	96
4393892	30
4468739	1
535399	10
408877	15
4296778	1
345211	6
549756	1870
312145	8
335411	1
272150	17
132165	1
795773	31
264134	2
53929	4
180381	7
589956	1
583213	4
355019	7
273047	77
264137	8
344329	2095
274935	156
176925	9
462939	1
526490	1
1105326	23
1105328	301
517583	2
539962	4
655793	15
4440624	24
265030	240
305026	10
269992	3
359984	12
133065	175
165241	16
343442	10
263252	31
269996	1
213258	2
306914	60
351465	14
642922	1
182176	1
571642	1
270385	15
591245	2
271277	137
196533	12
376516	19
189406	21
366716	1
350579	29
268708	27
4349252	1
319791	2
716286	1
725198	2
849147	9
205241	2
3392840	204
567595	42
107235	11
133075	1
4452219	1
318503	18
315831	1
167034	8
354144	20
698676	3
214159	8
325633	6
264155	4
434336	3
296330	1
3392847	124
272175	33
434339	26
261486	1
199215	361
2808641	56
441468	8
232975	2
463843	1
191098	11
169815	56
293665	1
275845	2
1105343	151
1111582	1
436121	20
304156	5
321086	8
271290	2
4334618	24
4343528	91
355045	1
313069	10
102794	1
547601	11
323862	1
296340	2
593043	109
272184	45
289213	1
269611	3
268720	81
427219	12
272186	3
358712	50
174177	1
340794	189
457614	20
156357	9
194770	1
188533	2
584137	11
352378	139
272188	64
162595	66
183089	7
260200	20
176952	43
269616	110
268725	35
260201	11
188536	12
185864	4
177846	1
259818	3
176957	15
260205	362
266948	160
260207	9
529192	4
32471	16
708285	3
4356004	75
517210	28
4334624	74
305057	1
408513	359
354163	54
99508	9
317633	101
592160	509
301498	1
468313	1
314963	7
199233	10
186760	3
175078	13
197453	2
563654	229
581474	170
586920	2
450399	49
216958	451
177855	2
267847	93
188548	41
270015	1
194787	21
275869	72
1106254	13
4338598	1
519000	9
305061	4
182806	9
1110312	4
3084482	5
817995	14
4362257	2
338133	143
273091	1
1110317	5
584152	1
337246	2
308734	4
322991	4
334575	881
421893	40
583266	1
197463	29
276762	17
587822	270
1108042	1
360015	3
196578	1
186777	5
276769	5
193509	3
4407703	103
173909	6
339031	895
1111216	18
326561	1
418334	5
334582	4
317653	12
710584	10
264193	204
209845	1
265087	4
113111	7
333695	3
326567	19
167078	3
276770	9
229449	1
198363	10
342200	1
275881	12
195691	18
188564	1
187673	40
270030	32
268755	1
195694	5
276777	3
266976	1
348948	133
258957	7
322604	3
590004	1
352008	1
270039	41
273705	3
4306036	7
173914	3
2963421	48
74480	35
183716	35
263908	5
329240	2
4433554	41
29937	4
347063	75
229452	1
575261	1
4332878	1
229455	7
568135	102
298163	8
397065	53
355089	56
278563	1
589622	5
308759	4
352013	2
323501	6
358757	90
341322	35
275895	1
105109	4
321722	121
258969	7
178779	3
275899	1
1107175	43
181940	84
16477	1
182837	17
339050	11
174819	10
308760	17
419245	174
319454	6
819404	1
458550	7
346185	2
585073	13
355097	1
315896	99
511510	1
254011	23
352022	2
189476	38
985239	9
350242	3336
331532	10
1106290	8
276798	19
354800	127
320844	33
586968	344
340447	198
270059	2
650615	25
1068082	26
1108078	52
303919	3
272834	167
265706	17
191753	5
271944	4
185519	20
4416646	10
909401	3
846141	1
318571	16
826541	141
1112139	159
299070	16
95995	1
835456	2
745465	1
259870	16
210262	1
269673	29
349864	1
267892	11
539647	419
696563	4
544996	1
340451	23
341343	46
198398	25
189489	82
313724	30
276402	119
350256	30
421538	2
276404	1
580237	3
353923	18
195325	5
176615	1
191762	22
274627	87
273737	89
1105016	21
593709	5
328383	4
318583	228
799034	147
743693	7
622013	1
842596	17
578960	1
349874	1
573110	1
314621	129
258995	1
163153	12
268797	2
267502	6
363731	506
352049	947
214835	147
291561	1
273741	67
276414	126
345913	134
346804	40
192664	9
273747	1
174847	1
328391	12
239291	3
738351	1
845273	1
1110378	1048
577082	3
279492	5
130091	48
343140	32
332450	1
110492	5
270081	12
988932	1
234443	1
180092	742
332454	27
311961	18
570451	10
266621	156
132873	1
261177	2
275533	21
544616	1
791522	2
197126	7
321768	69
189109	1
192673	1
263953	12
195347	4401
264846	1
2686372	6
354839	4
1110381	25
22352	10
1105038	15
339092	54
45623	1
439880	9
308400	7
716984	26
4442118	9
210292	7
333351	4
574021	244
268410	3
331575	5
259504	2
431368	2
340486	1
352069	17
4381639	1
177533	7
276434	3
188225	15
274652	7
261188	151
361972	2
3824086	1
353954	348
356627	35
277329	5
271983	2
197139	45
2816368	190
175758	5
388808	4
845291	3
3198310	1
211191	4
309302	114
215750	9
529889	1
215751	1208
580270	3
296041	88
259511	1
233573	7
277332	7
349503	217
332475	117
316438	2
294262	1
356632	8
279115	19
268425	12
364653	2
267536	49
527709	1
355746	2
353964	1
158836	5
357529	12
182893	878
542857	1
275557	6
390497	4
272889	19
289918	4
301195	1
305750	13
566022	12
4480555	6
109733	24
323573	9
262095	74
4455609	2
334267	36
4480557	29
587510	7
342287	1
233587	46
269327	1
186464	102
197157	37
179338	10
339718	1552
158846	2
185576	8
187359	14
231405	6
166869	27
271602	1
1008941	3
260914	1
3231096	1
180726	1
190528	2
170926	4
54563	34
4424327	435
316452	1
343183	129
268440	1
194490	1
214886	1
340111	7
259536	30
353982	124
189147	1008
195385	5
276466	41
214889	61
356657	392
461795	15
350910	1
24175	7
1058950	2
260927	8
808794	5
98332	1
319134	180
557130	10
326265	2
109753	1
511594	58
205981	31
348642	1
323595	26
355771	119
277364	1
205985	3
195392	8
338845	127
274694	48
295188	611
101237	1
211820	16
196289	80
588429	3
301816	5
263607	16
381219	11
272518	2
514272	2
1110037	4
976010	4
334292	93
335183	2
1111921	5
325384	1
1112814	1
4410988	2
334296	48
346870	1
434089	209
338852	33
304897	19
259556	35
265793	46
573189	1
331222	7
544678	2
269359	1
348659	1
330333	344
186497	57
185201	3
312515	225
186499	205
541602	1
340139	32
195005	95
184314	3
195006	487
191445	26
184318	52
164718	2
4301298	6
319153	13
2057787	3
308463	144
404691	7
147195	1
277385	1
848615	3
268475	186
266694	24
345994	21
277388	20
266697	15
511216	7
212732	967
210950	396
276499	79
105813	15
274312	1
578649	7
343811	1
453405	119
261841	5
1109662	3
400739	18
274317	19
271647	69
270758	5
270759	7
4446740	1
66188	83
309361	12
614083	6
319163	2
835154	7
416286	3
457371	60
4300017	3
416287	19
449353	66
306695	1
1104817	8
579541	2
317389	2
306699	34
332132	11
4381303	1
111066	1
137004	4
205613	3
310751	14
330353	1
511229	5
321446	2
185222	60
175422	4
360750	3
193242	2
331248	1
274324	1
352733	2
210965	21
275218	8
197801	2
183446	8762
270765	49
362539	1
1107895	3
1678333	20
2368865	31
109792	8
307595	5
807548	2
317399	176
2883968	11
359376	39
341053	8
314323	28
571031	1
310760	112
338887	102
306306	18
443620	212
186122	18
289984	20
276115	1
336703	3
178106	24
194145	5
274335	13
198701	1
450755	20
264536	11
192365	44
344726	21
372348	1
530947	1
1646166	1
262756	1
351859	424
662917	26
2897332	8
1062061	13
407393	531
1106614	12
519763	5
513021	7
259593	14
588471	11
26608	1
110192	10
315223	11
304532	28
195040	1
167420	12
463233	12
340176	10
943989	11
333049	18
276125	15
192372	3
211876	24
199600	13
271672	22
187028	1
4425280	1
181683	4
334935	12
146935	2
337609	72
327808	46
262766	5
183467	4
273459	2
350979	1
260989	99
14035	105
1918929	28
319196	2
2797559	17
339791	32
325036	1
543431	1
339799	1
358104	1
301872	39
269006	1
276134	6
332168	39
263662	1
311677	1
184363	1
340189	29
851822	1
330389	4
342962	6
345635	25
168326	30
343853	6
191493	3
182583	10
296731	1
851824	2
188920	1
273466	354
163874	3
185258	2
353657	42
372368	105
272576	15
278912	12
229808	12
387615	62
193279	4
183478	2465
290398	32
271689	62
180405	1203
190207	2
1122673	1
180408	1
1077336	1
77516	1
137043	9
232380	43
322372	61
213671	3
259212	10
355440	210
321484	1
268123	1
348313	49
268124	5
661055	10
268125	1
470382	15
553245	3
314359	38
351881	24
271692	67
261892	4
4337090	229
336736	59
577406	1
335846	2
261894	1
591663	3
196950	1157
872328	29
193288	3
352777	2
273479	47
299419	9
1902400	23
4416396	4
278928	1
1108422	75
1105751	6
260607	9
4383135	6
3191793	1
430194	46
315256	2
276151	13
366143	73
186162	2
326940	33
411486	127
321495	14
169234	1
333079	49
311695	2
178145	1
365256	1
591671	1
276158	15
461487	3
278931	25
272595	62
184387	1
345658	7
4308591	1
263687	1
192000	148
352789	45
164788	14
342988	4
310407	5
197855	2
172403	2
827195	2
4471351	8
314374	54
532771	9
804526	5
356353	70
4387706	2
348336	141
273494	11
592572	1
184395	4
572970	4
264586	131
397444	26
274387	155
355468	75
531888	1
189843	1
198753	8
352799	23
196974	11
182213	1
271317	3
262409	30
45363	43
2901239	42
3413566	2
2066374	45
700181	1
749791	2
207462	369
552380	1
177271	72
529219	59
266375	1
277067	18
185294	35
326964	5
275286	92
179059	1
187078	2761
737816	1
463289	1
345677	1
265487	15
330024	72
275288	91
320224	21
158569	4
380021	2
326968	378
189854	63
894735	647
197875	1
181331	68
341713	2
370225	16
271325	3870
188969	3
4414240	8
2901246	2
4414241	26
390820	8
4414242	15
209251	25
347460	1
186190	2
346570	64
215495	25
403497	6
275293	30
349246	34
335881	6
186194	5
269058	3
604966	12
298562	1
399245	3
104610	8
810788	2
179069	574
328758	7
344798	11
688923	3
188973	6
198774	8
164413	4
14094	1
287879	2
273118	1
110858	2
1106683	40
393504	1
14099	2
181348	4
181349	4
2122024	26
373909	23
317073	22
277081	254
2490211	2
731493	1
337673	46
259266	3
228972	69
276195	14
232030	41
330042	6
344400	1
336789	160
4200918	138
155511	1
334602	60
386788	1
173333	770
265106	25
320249	28
130468	5
263327	1
520827	4
180465	3
180466	9
1107586	40
194822	25
2286580	47
4343981	15
2438948	4
259271	6
948115	3
158591	13
1110757	1
259275	8
579244	1
348376	10
348377	1
813479	15
319865	48
269078	6
346595	80
288780	2
330053	1
175120	1
103742	2
189884	11
210665	58
340850	114
175125	6
230268	8
264225	124
273136	1
340852	1
190273	10
4309131	1
340853	38
335508	4
263337	8
333726	90
334617	76
276802	1723
260666	10
180476	2
334619	232
373923	2
275913	26
4309137	1
38278	41
276808	12
293737	343
194839	1
1085020	4
1121455	1
347490	72
317099	19
358185	1
268196	4
753891	11
347496	48
416994	23
206213	3
329678	24
330064	22
830014	297
524404	10
300665	4
341750	28
354225	1426
341752	1
231169	26
166226	15
352445	129
276810	1
1624481	1
790026	6
350664	124
265129	40
350666	4
182268	15
198406	5
182269	5
188607	2
309083	12
373939	1
348393	617
259293	21
4478646	1
835872	2
4430921	1
329688	1
356011	87
356012	108
551141	1
264240	1956
305127	36
335521	11
364034	1
270480	1
697874	126
272265	8
158217	5
261574	4
332854	4
178811	5
652823	88
331965	6
296424	3
196632	7
192079	2
271378	41
199307	217
4448250	17
293754	3
267918	8
292867	6
719058	3
3028318	8
4369956	8
1028915	5
322062	55
508788	1
232072	11
319898	1
345330	88
106444	2
351570	1
264252	189
541354	1
273164	4
672431	12
270491	6
348009	3
264256	7
135952	21
289304	3
332865	7
289306	7
173378	3
276834	2
324849	15
196645	2
276837	5
195757	1
275947	1
277729	94
180105	25
381979	34
52163	1
4346697	1
28109	2
510070	4
24546	35
715102	1
310491	6
588197	392
444241	32
273171	13
314058	12
301585	14
513742	2
174272	2
211595	1532
354256	49
335546	1
345347	15
310499	103
259910	85
484444	9
259912	81
289315	232
273179	3
385545	2
333768	1
180110	1
571766	3
390896	2
270105	3
194878	2
3421266	1
769075	7
579293	3
4035247	1
1921818	1
514640	1
337331	11
91486	1
401384	164
321195	2
266052	15
888575	114
263380	1
445144	162
272290	1
345353	1
576221	2
355154	1
335553	3
337336	63
274075	81
326644	9
263384	5
351593	373
168047	5
174285	1
328428	84
4407190	60
146665	1
570880	232
275960	15
332885	850
259922	8
155577	2
177952	15
295564	354
374863	156
296456	1
439908	2
268837	32
185974	336
194885	7
875709	2
192701	6
261209	11
170328	1
208042	1
1110412	7
2724618	12
302491	39
266060	2
355162	2
334670	22
274083	4
356055	22
343581	91
148453	4
681370	1056
165383	46
213399	1
167166	49
279534	1
276861	100
275970	6
351200	1
325768	2
189544	11
196672	17
262101	379
832848	42
268846	141
275974	337
275975	3
262104	61
260322	10
350314	1
197568	53
1106362	20
320912	4
185989	14
858190	3
380713	3
4468892	5
272905	83
205383	294
265182	52
541394	2
175193	6
355175	9
264294	1
274095	70
324882	17
584263	1
324884	52
439924	5
264298	493
324888	44
350320	47
275984	3
591399	3
186886	19
3868285	7
294698	1
196689	10
332507	33
580305	1
262119	6
4446120	1
273806	50
4321285	5
830080	81
215193	8
99634	3
356073	1
1111328	1
158273	9
2682867	2
347166	6
346275	38
826624	1
529921	5
338258	11
355187	80
245595	1
334697	3
343200	23
211234	4
180150	1
268865	85
278667	1
321821	193
270145	16
340535	33
214904	7
162335	52
350337	6
292521	6
195402	4375
193620	111
561607	26
4428313	190
806030	196
829302	2
4449803	37
827522	3
229562	2
772282	820
328466	1
289362	1
2140546	79
1090059	6
187790	14
344101	209
868615	1
353012	2
795553	1
177993	16
276894	1974
261243	7
287589	1
271045	4
322723	11
344108	1
620319	11
134726	3
350349	860
592901	2
214919	12632
354905	8109
183839	7
192749	8
608244	6
346291	14
4320015	1
299171	1
743781	1
238487	84
268880	18
565585	12
995147	5
278684	1242
269777	9
521424	3
289379	49
279579	1
305803	51
353026	3
187400	236
532118	315
344117	16
333426	10
135625	2
195421	1
261256	19
330754	8
251456	2
354911	39
341448	388
166911	593
330757	1
192752	1
275616	43
592913	1
185628	2203
190976	6
1106006	86
515594	1
828435	20
348088	30
1051764	3
327596	65
199391	6
279582	40
288492	8
834677	4
353032	1
823986	1
879327	3
324522	55
341453	1
4481506	1
324524	9
553611	9
276511	1
196322	7
260375	5
262159	9
195433	7
197216	8
460953	12
272953	20
355817	4
3841096	1
265828	22
191878	1
338290	16
209990	906
586093	7
318695	13
4379449	16
204144	1
259993	2
129401	3
337004	214
344133	4
311068	21
368698	4
350373	3
330772	3
165046	12
178511	2
262166	4
266720	23
347801	2
276522	2
307608	75
177621	22
267612	1
355822	21
264940	110
248902	36
182970	3
288109	1
592933	1
730939	119
191887	25
518287	2
809744	1
212170	51
228310	710
548686	2
729559	11
301276	4
350381	10
262173	13
277420	1004
269401	28
267620	125
526902	1
262179	2
270199	8
194563	1425
590168	56
258717	27
259609	1
355837	2
182984	1
196349	312
193678	58
3321163	1
509383	2
4335302	1
976470	1
548692	5
107044	4
4330852	3
352171	200
1084865	13
4325509	91
343264	5
350392	176
263074	208
316535	8
4365707	1
349602	10
564334	1
344158	40
583046	1
138338	9
276542	12
347822	15
315648	2
322776	5
530379	1
176751	330
275653	4
288128	9
179426	4
462764	28
368318	10
186555	30
269418	41
258728	15
354957	56
399606	17
158939	1
191502	3
818672	3
4346003	1
181707	1
204171	3
318320	1
303076	31
319214	43
353073	3
308523	6
336145	144
327236	13
334365	44
319219	1
133892	1
277442	8
195470	13
324567	66
259623	2766
277443	89
176760	22
332587	2
553654	33
637409	1
259625	4
189237	273
313878	55
267645	97
381694	1
354964	65
338926	37
268538	96
185676	9
112009	2
162005	38
260018	4
1109724	3
73371	10
827592	28
191516	7
192408	9
181717	2
4331760	1
4305923	2
416341	9
540190	6
307640	16
316550	1
345063	6
826302	144
335263	1
826303	5
328137	22
233691	18
647215	40
259631	1
306755	5
335267	26
832545	2
268542	3
276561	27
555445	4
266761	2
349624	56
449417	5
354971	69
188355	6
588513	5
315669	274
231510	13
275676	53
330414	2
330417	95
262801	84
4338003	67
262807	6
272608	10
4412850	2
182619	1
4422656	1
328143	754
521491	2
258750	3
348743	3
339834	36
185692	3
196385	1
275684	2
313898	16
199059	2
175893	1
196386	124
176785	1
274795	8
339838	10
197279	1
178568	2
569818	3
388945	461
273500	891
298954	272
640999	33
399637	12
460611	17
232417	1
321517	1
430219	5
4312071	1
182621	1
311718	2
263704	37
181733	1
4427114	1
272619	21
1066089	32
190649	1
1110135	80
797021	1
199061	1
315684	1
196390	91
413695	89
276580	165
344198	46
910974	3
4382678	8
536754	307
306778	1
833458	35
546557	1
267674	2
208769	5
101343	2
215897	2259
583089	1
268566	8
295296	7
342014	1725
233313	7
453896	99
444987	2
214603	3
274400	21
170056	1
16272	1
164811	3
352812	15
173722	1
271734	21
343906	42
361727	1
4416434	11
190658	1
3029968	128
822770	27
97568	11
465480	48
197290	8
197291	45
428953	3
159872	1
553697	1
953855	9
571111	9
189279	33
304604	1
382220	30
561312	4
182649	2
318370	1
415491	36
327284	260
199080	1
14109	4
4449518	4429
4453976	2
659831	78
520231	3
528756	12
585880	8
1041659	5
565289	1
585881	2
568952	2
189288	3
304612	1
216403	5
340254	172
857639	13
315309	2
375106	31
273533	1
343923	298
4436051	5
582812	1
177308	3
197900	3
4304085	7
167509	43
345709	10
190676	2
270866	70
450849	4
180879	4
228391	163
565292	1
1136109	11
278392	2
515299	1
288193	1
526982	1
189293	1
43628	2
250270	1
518967	3
268596	6
288199	2
4310927	2
231563	1
579658	1
266411	9
277104	142
354622	1
352840	3
265522	32
356404	15
167514	5
155932	1
170089	428
303739	1
352843	12
263744	1
274438	62
193358	22
581933	10
270876	15
573916	2
4379143	3
198808	10
198809	4
2334610	5
1026524	17
36503	2
4473596	3
2590430	1
459276	62
358594	1
51657	20
339886	29
301960	5
132670	100
325126	23
188013	1
317109	1
336810	25
277115	4
357305	4
152278	1
196037	2
310877	7
247715	8
191583	9
336817	1
335926	3
442846	2
192475	13
166637	1
275339	518
262869	4
295938	9
2435303	22
527891	9
210095	2
4372523	1
589475	2
128223	157
206633	1
4362724	2
400871	23
269103	5
322464	34
322466	27
312665	214
335931	1
269107	22
310886	1
276236	4
176444	4
274455	494
351972	328
229905	10
188029	56
264657	8
592649	1
826382	18
519880	1
4431234	1
341180	74
512253	6
350091	4
51677	77
277130	44
342075	14
203970	9
258421	28
336830	1
339503	1
814406	3
359105	361
184470	21
347523	34
258423	49
294064	7
267335	7
337724	78
234269	59
311788	4
192494	3
261992	8
337727	7
276249	1
347529	243
194277	54
444649	5
1137031	33
180511	1
4426298	18
198839	2
4426299	145
4308688	2
260705	2
171607	1
503354	3
349310	731
317135	3
2127939	5
208434	11
553352	1216
463361	32
277143	162
329712	45
524842	1
543553	38
354662	56
335952	19
313578	43
631764	20
336844	1
166664	1
275366	29
258438	3
175575	10
524848	1
273586	15
293189	1
163997	105
1109422	4
1105860	20
191216	10
271406	34
270519	132
4466103	232
4462541	1
2137746	3
228043	86
326055	5
422283	16
580090	1
406247	43
196070	834
276260	26
517722	37
1098946	3
806407	1
616624	18
259335	7
356454	9
186275	1
509709	1
264684	9
335965	20
335967	1306
195189	20
330116	200
377946	2
330118	161
181423	11
573969	13
4202174	1
340917	1
4402751	3
318045	2
538223	4
1032415	4
579311	5
277163	4
308249	18
628218	1
187174	18
338644	128
234298	392
303797	13
851961	1
134101	8
214699	3
213401	1
331013	50
278059	4
300722	13
197972	6
582884	2
530700	2
203605	1
263403	23
182323	2
221429	13
470117	4
110945	9
1126373	4
272319	1
4319005	6
352509	246
242917	2
228061	35
808202	93
325182	1
1076587	1
548032	17
326076	2
609513	1
318059	1
337762	7
267373	99
258463	51
336872	23
269156	16
266483	609
322112	2
510114	1
784256	48
578437	3
229958	1
264301	1
541403	3
271431	8
185004	5
261631	7
274106	101
351623	20
342716	1
1571092	346
262527	3
333807	2
591405	3
180555	130
272328	72
1107674	11
1106787	1
97263	26
1121530	1
315390	24
306480	1
307373	46
269161	3
416078	5
216495	43
356481	3
308269	4
216497	1
3265889	9
367176	19
2233608	3
313213	1
409947	3
346686	3
312322	109
179179	1
346689	1
312325	14
263420	2
183231	1
273223	64
274115	9
350741	7
272334	13
234912	16
271443	5
198888	1
260752	149
156505	4
193038	2
271449	14
4447432	1
196709	17
4338733	4
724472	25
927720	1
269172	58
815356	1
208486	22
209377	188
109586	2
4420206	12
269176	2
72820	6
4371302	3
337784	53
741001	4
331043	2
960695	1
215214	142
356498	54
578457	2
178299	1
330155	1
265211	408
221454	2
272341	6
322138	20
540532	3
273232	528
520931	4
262541	10
352533	120
132359	2
197600	61
175227	7
176118	29
185029	8
174337	95
196713	2
187807	21
349372	30
1111754	2
259382	823
4420215	1
417981	25
339574	2
549950	50
568662	1
4470213	1
321251	1
268297	6
278098	8
388682	17
846656	2
169398	768
273240	4
302545	2
343630	1
326701	24
326702	17
190380	321
270571	4
340960	74
274136	87
320369	148
372146	15
211667	12
191274	1
350763	413
273246	57
261664	110
344527	43
180584	5
324926	6
262556	2
593216	52
564704	20
590544	1
290178	4
333837	14
351659	27
194944	12
97294	16
1107303	9
4465275	2
808244	3
686281	26
508875	1
538279	1
1056626	5
331062	23
299592	1
347200	5
320371	49
266120	2
411254	20
206324	129
303444	5
320373	27
423830	4
316911	1
263451	6
420168	18
193063	1
320378	1
193064	2
264345	1
274147	2
274148	1
199403	57
271476	14
195840	33
198513	43
191287	1
194950	5
1579251	4
575407	38
196733	8
352559	68
49088	28
1139897	1
329790	2
519573	11
728069	41
3694599	31
839545	45
510162	3
259006	36
353453	6
732128	19
271482	14
262573	5
316925	27
105659	15
278712	60
325836	356
236736	150
186940	1
269803	2
295642	32
179814	1
4449251	1
188725	3
270598	6
195855	1
178926	3
36226	4
4471130	4
569581	1
214360	10
207232	277
357020	1
4471135	11
839558	11
380190	8
4471139	5
309801	11
114575	1
271490	48
326732	74
334751	31
176154	870
357028	13
356138	1
288521	2
346337	1477
174374	66
561069	2
851634	1
577206	5
585227	5
276941	12
833816	5
565625	11
269814	19
414949	2
269815	24
261698	1
198537	32
1105552	8
194978	10605
616310	3
609589	12
4401548	8
191908	78
405046	10
3425927	1
313274	76
209028	1
275061	19
228730	1
356144	456
446135	31
168145	34
400599	2
356148	1
188740	8
316946	1
264378	2
342787	462
340600	7
180221	29
2978254	5
269828	98
350404	7
270215	8
209030	16
1037951	5
838685	1
315064	6
4364237	14
436341	245
617216	1
318732	2
357046	1
364175	1
185084	10
820367	8
212201	1
592372	2
339229	56
433676	108
533469	1
577228	1
199445	11
876705	20
383885	3452
272004	12
110635	1
195885	7
171322	16
179848	6
182016	1
261315	1
190035	12
361108	1
178959	3
351309	1
4303551	1
183907	1
4300883	14
4403349	5
13986	12
339231	18
348142	187
569210	7
265280	5
314188	2
345473	2
338345	23
4383953	2
338348	107
230031	8
327656	65
680592	2
4376828	778
324985	7
278753	1
272010	34
157479	33
263102	1
342404	52
202419	5
263106	14
352207	1
332608	48
2879379	17
273902	96
28246	7
273904	1
1105589	113
216184	1
839598	7
533480	7
539820	8
259056	5
337465	20
830189	152
177087	2
646743	178
449833	7
258169	55
584375	1
272020	1
268962	88
550013	1
263111	266
211335	200
271131	92
324999	4
331720	176
182033	55
276985	132
352215	11
261334	1
211339	431
182037	1
264009	86
190057	1
261337	31
271139	4
270248	1471
175901	46
350438	3
390633	1
192832	28
175906	9
4419504	1
839200	1
191948	6
207284	9
543291	3
207288	4
318764	55
299261	13
356187	8
258177	4
772384	1
318766	4
549635	1
110660	1
326788	29
312027	8
452014	81
190061	1
264014	684
188785	372
320048	2
188786	1
182043	6
260451	9
276996	13
268978	1
160661	7
136604	40
260454	34
186602	1
371930	4
350447	1
342429	3
331737	106
3794053	1
4426641	421
2781880	1
4321001	58
191958	14
217096	27
338372	1
528157	3
839215	4314
1111448	119
228785	33
613697	10
228787	3
842786	1
576377	16
158399	3
772398	16
261350	2
314810	155
522414	1
340650	26
589848	5
3529330	1
164237	4
181166	4
1828413	2
1109178	31
4306262	75
331747	663
322839	5
1106101	11
4316067	118
1737536	6
273937	112
355909	1
3528448	1
509452	641
357092	16
338382	77
229683	9
337494	28
214031	1
337495	2
4310326	233
335311	6
353131	83
228798	36
589852	1
213147	7
182061	91
584001	15
811108	5
541135	2699
263144	1
999814	3
245324	166
582222	8
510843	3
321952	40
261365	11
531339	1
512629	2
277505	659
197318	1
266816	876
1845355	71
17598	2
4327763	1
175939	5
183958	4
4437359	11
839233	10
309884	1
348197	17
320070	6
548775	1
345121	20
301363	41
354032	1
147321	30
336214	3639
532235	1
332651	2
331760	9
321960	4
345126	13
778758	4
174055	7
188410	5
136633	97
276620	7
174056	7
186630	2
323747	3
182079	2
195543	26
2985051	5
185743	11
4448052	1
466409	2
274844	146
197327	9
273954	8
2645483	16
347908	3
176836	4
194656	101
276629	1
273958	25
2645488	3
192878	37
1107018	4
1113256	65
658370	97
806179	3
56512	36
4354103	2
2075740	7
568383	73
312062	13
311172	17
335330	7
352262	221
105358	156
314842	7
263165	7
158027	12
730049	10
331772	7
563532	1
197331	7
179512	6
576007	208
179513	6
265940	18
332666	9
171396	151
194662	4
342469	1
199118	2
185754	122
194665	41
274857	133
1112373	20
99793	3
3746876	5
837473	12
703321	1
272080	6
174071	2
262280	4
325541	10
340690	1
322870	40
268620	33
331782	32
4390754	38
653533	335
4390755	150
262286	1
101400	4
355940	1
188432	6
266841	149
263179	5
331786	1
276643	3
339905	24
194673	2
176853	4
198238	2
453955	56
151401	4
193784	8
265958	10
175967	1
519290	1673
1112389	38
270908	1
436032	1
255161	1
827689	440
259720	152
321992	68
348821	38
326448	2
333576	38
176860	27
339914	2
267743	111
565338	2
349716	10
199137	33
175972	2
455746	5
194684	57
276656	17
1995182	6
708190	155
176868	56
1113282	59
271804	9
4299398	7
525142	5
303184	12
4456702	1
157162	1
115186	497
421792	217
394270	74
278440	55
755126	3
536831	1
295370	54
244484	9
521586	1
539506	1
581384	1
4380976	28
267752	5
261010	2
266862	148
694641	45
539509	1
189346	2
194692	15
188457	1
571589	3
179549	2
176877	7
273997	9
230725	29
272701	27
271811	1
361803	1
182712	35
183606	11
304080	31
264093	1
319337	1
525159	1
649107	4
301012	2
227565	5
563572	1
229348	2
3293888	1
300123	1
537734	8
279344	158
813944	62
225786	36
771177	51
295384	67
287368	4
341213	7
274894	6
342105	57
302902	1
176886	1
267769	19
196489	7
175998	1
593977	12
352902	7
271822	137
164904	52
98542	1
329144	3
336276	127
512695	1
354097	51
198271	10
196491	8
1121926	1
307768	5
166099	2
325588	6
