277574	1
341221	2
260140	5
833559	28
593980	1
313601	1
233411	2
323403	92
275796	1
222721	2
211039	2
143423	2
230741	3
581003	16
402704	4
341227	1
351028	1
332317	4
271830	20
1611482	15
321628	8
380534	10
4313073	10
312719	3
263815	2
274509	1
352918	2
591805	7
4476330	11
518042	1
54794	4
704264	1
1000654	1
405780	49
297180	1
4300206	1
4012414	1
524287	2
301032	1
326486	3
20439	19
300143	321
178682	1
228479	392
305997	3
530123	1
536866	1
109978	15
296298	6
277588	7
821989	6
510524	2
580121	37
786449	1
100567	3
581014	1
214715	195
350149	5
1109860	6
230759	2
193436	1
344906	197
1109864	7
191656	1
1108974	21
4302396	1
1111142	1
290559	5
1110253	7
318470	1
4448724	1
336292	1
309564	1
816642	2
574290	120
318474	16
328277	1
199182	3
346098	1
378273	103
327387	65
359563	3
149188	2
52624	3
289175	1
2066505	56
259772	34
288285	2
189384	879
289177	1
335003	1
847934	1
348875	2
447776	284
544896	2
3919792	2
899714	15
431235	1
233435	9
185420	37
274521	4
353820	11
340357	2
137209	3
276305	2
1139272	5
294126	10
157804	1
302939	1
344915	4
266508	1
361845	4
290566	14
182756	1
192557	49
167609	10
272749	1
828230	31
1857626	14
4346168	1
4212012	1
4413888	1
4467447	2
199190	31
229386	1
819328	2
259781	2
579750	403
343030	11
95503	6
334122	1
3998909	42
324322	1
708849	2
211066	30
279387	39
112166	1
563210	13
277200	3
333235	2
187210	1
531038	1
277202	2
324326	16
570341	16
276312	1
196122	3
554304	6
194340	480
324328	1
194341	8
277204	14
330566	1
275423	2
543614	2
161277	3509
355615	1
175633	2
162169	6
831409	61
171079	8
770920	29
277208	52
264734	32
311859	1
293247	4
552528	46
182764	1
271866	6
193458	1
273648	6
16003	2
1757845	1
4484382	1
1107703	2
2575786	1
3998912	4
529761	1
2120775	1
301062	9
568077	20
701221	49
349783	15
324330	5
515004	46
1131769	2
1040889	1
236124	2
369389	9
332353	1
216524	2
4391326	10
113069	1
341264	9
522138	6
351067	1
188113	415
187222	4
261076	96
520358	36
306519	1
263850	74
277215	4
262960	2
584710	2
352951	1
188116	1
330578	3
183662	8
363646	11
177427	52
4338161	37
771824	6
175646	205
270984	92
273657	567
158719	1
265639	4
1110284	8
329191	27
918242	6
568082	1
36611	4
2387797	1
2110983	1
1066830	17
4314603	3
609964	1
759751	9
339992	2
1673703	2
531052	48
315430	7
111293	2
300186	5
646499	18
334145	1
331472	1
519979	1
4353913	16
152381	51
189011	8
349798	8
196140	1
332364	9
346720	5669
308308	10
209408	2
334148	6
331476	2
187233	1
367215	4
350188	27
155059	4
683621	1
720944	4
271880	3
184562	5
328905	81
570367	3
362765	1
270993	5
1849631	1
516909	130
292377	119
183675	1
175658	1
164967	5
586509	8
192589	2
198928	1
16026	4
1106830	27
4348972	1
27711	5
1108617	989
2066542	45
4442028	1
307420	2
97315	2
707986	19
814501	1
309206	1
325244	72
529789	84
323463	25
324354	51
531067	1
278123	17
813614	13
833216	13
186351	10
3096648	19
331486	2
4381548	3
261097	3
186352	26
863612	3
347624	20
304757	18
174770	2
197046	1
443853	6
561466	1
554338	92
576712	19
661259	22
264764	28
169428	1
329808	1
533847	22
297831	3
347628	7
311889	11
173883	30
296941	2
186358	253
183686	1
586517	8
272787	5
584736	6
353868	12
1111191	37
272788	7
182797	2
4397092	7
16036	169
4307897	1
609982	2
2663625	2
326142	1
216550	1
564140	28
332382	7
153291	21
4381553	7
315453	13
521275	3
335057	1
520385	32
552561	1
321693	1
197052	22
4380666	1
168541	1
556126	115
525833	1
279026	169
661266	144
268336	2
365455	2
571277	9
194384	2
329817	1
581079	4
590980	4
694337	1
273687	1
291101	3
198945	2
211706	30
310608	4
190425	1
1135364	1
2309802	8
3407515	1
192209	1
3056461	185
171718	1
4450064	2
318131	1
308332	6
573061	2
356550	10
327049	1
267451	3
313685	1
144395	1
306558	1
369027	2
536535	3
259434	2
304777	2
720973	95
345862	2
110034	1
573068	3
562376	4
742358	27
606927	1
143101	1
462585	414
588315	10
151120	2
592771	1
275476	14
331103	8
246965	16
197069	1
263895	442
264787	6
272401	104
352999	1
193103	2
4468391	14
16054	4
341902	4
4468394	5
291117	2
1106862	16
1109539	3
1107758	2
96451	5
327050	955
316360	1
33984	52
4462654	1
105099	4
315475	5
459025	30
846710	1
197072	140
269243	25
346761	3
840376	1
197074	1
607825	421
585650	2
668513	1
178364	2
275483	34
363692	8
589215	3
349437	1
347655	1
189057	16
585652	1
520004	90
289841	5
339639	2
211720	381
264795	8
836917	3
353896	150
346769	16
584765	120
274599	3
198963	9
331117	1
311515	2489
352601	3
198964	2
986708	2
162820	21
583879	1
352604	1
290235	5
341913	156
1107761	14
172624	112
1105981	3
184209	3
2657412	1
4407314	1
270638	1
4466220	2
2414962	1
1105984	518
95570	36
68842	1
307462	1
548133	1
315485	16
178370	1
267470	1
626544	2
196191	2
308359	1
316378	2
573087	2
179265	1
196194	3
158774	1
279059	8
276386	19
266587	1
159668	1
578537	4
354798	1
265698	1
310633	1
151144	1
110059	23
242029	2
551305	2
352612	14
1109552	3
1106880	1
283117	1
260842	4
350834	2
293910	6
272428	1
263518	69
343709	1
571905	3
3671383	12
318163	1
316381	5
325292	1
4430497	19
557051	2
206790	425
4333379	14
4430498	43
207682	1
348561	16
545473	1
315496	1
523099	2
579431	41
189076	2025
4397737	1
366386	1
564188	3
586562	75
247883	23
329856	1
349458	1
41628	3
321331	16
509838	2
188187	14
516966	27
312422	1
157894	3
349459	3
102049	2
621700	9
212634	3
211743	436
304408	1
174422	2
262631	2
521913	2
290253	1
262633	62
4327141	1
344607	2
1733364	1
1106892	27
192249	1
343719	52
2683271	19
195919	1
4453773	3558
515088	4
539244	1
356590	30
941087	13
4095596	13
277293	6
133341	1
739826	4
304416	2
330256	1
266203	1
566976	1
792399	1
440840	22
355305	35
542417	1
344615	1
272444	6
185126	1
204629	13
198998	1
192255	23
210867	22
180673	1
3838014	10
342836	3
343727	3
130679	3
264429	1
4369131	1
296607	1
196815	1
548161	2
44311	2
1030770	1
229088	1
941096	9
338781	15
324020	1
228199	11
217100	16
331150	2
863682	10
4380322	9
312440	14
4450711	24
305313	6
302641	49
508968	18
240271	21
321353	1
3172943	4
131571	2
316008	2
531730	1
355312	2
167311	64
305318	2
304427	8
177113	21
1129180	37
325910	18
217109	15
275123	2
174441	8
997439	7
194043	8
433722	38
232257	83
244831	2
175333	25
3172949	2
761712	15
271563	3
193155	31
341953	2
570049	2
171772	3
262654	13
186028	4
2724175	1
194048	11
263546	14
352647	3
262656	1
3409355	7
325918	1
350866	1
198604	83
564806	1
297506	1
841907	2
582627	2
592429	1
195934	1913
1108699	1
827050	1
187917	9
318194	4
635495	1
1112757	33
569660	45
1104739	2
526794	1
528576	2
547287	53
322250	1
215331	3
4390134	9
100296	18
268002	2
362450	1
840027	6
398597	11
552235	1
870421	195
301765	32
311566	6
412249	23
352652	1
240287	1
154850	3
343742	5
327704	14
251970	1
730437	23
193165	2
471157	3
515707	2334
851715	7
196831	1
350875	1
317908	2
334839	3
262668	14
333949	1
191389	1
154859	8
309290	2
1517779	1
195947	1
4466275	1
1112762	3
528581	1
339691	1
4390141	1
329895	1
214450	966
1110988	35
4379957	17
4401628	10
323154	16
234054	34
589277	5805
312464	1
337511	4
267123	1
326820	1
241186	1
576400	66
290291	4
358007	3
191390	2
356226	2
178026	22
210895	1
290293	1
338407	1
273364	1
299302	9
260890	5
743911	2
345536	1
466811	10
269902	59
3943182	18
572843	1
594227	62
586208	13
295743	1
288615	1
264459	12
262677	7
1134151	3
1135042	19
297529	1
110706	25
1569569	4
519680	1
52362	9
4379961	1256
102090	2
828961	1
528596	1
821330	1
805699	1
124470	313
259111	1
552251	1
316037	1
4365209	1
315147	13
4296701	26
112891	367
336632	1
174471	1
646800	3
355344	1
365145	1
319704	6
317923	1
397321	3
311587	1
276046	30
212686	7
850841	21
266247	4
175365	7
342873	21
271593	16
328617	93
157546	12
582652	34
269911	7
275159	1
336638	1
1908049	4
523749	1
256449	1
277933	3
571965	2
4378081	29
369709	1
190112	1
261799	1
571966	2
153989	1
270303	30
1895780	3
181205	1
1835985	2
4349573	35
240907	1
539296	1
1105659	4
3563235	9
4335812	1
33668	4
322282	2
259120	2
276050	115
177150	3
561171	3
471180	3
510286	1
544243	5
304466	4
354461	2
177153	1
183390	1
531773	4
266255	6
348227	37
222497	7
268037	1
347337	1
273385	1
309916	2
4295826	1
334864	11
587117	1
530885	1
185177	1
199532	3
547913	2
183395	10
328628	103
265367	8
265368	1
2051608	3
655725	19
175377	17
176269	1
199534	11
273388	4
383971	37
299326	8
198644	180
111613	2
102704	7
261402	1
350502	2
300507	1
277946	28
160720	1
1106550	1
162504	2
1889556	1
1912118	1
4316113	3
3465233	1
24765	2
511180	10
4460560	6
290917	3
4357205	2
233191	7
95256	18
307144	32
304472	10
204681	2
1652947	2
703741	3
268043	2
4444529	8
568410	166
334870	1
186077	2
721569	2
336657	37
194097	5
158458	1
274289	1
293990	24
132114	1
555945	71
235978	1
289538	1
340711	2
892845	2
232900	9
199549	4
271214	2
4459184	200
819081	10
351405	6
1123492	539
182118	1
4329995	1
3439403	29
1107459	15
1720567	4
4217226	218
193807	1
4440970	8
304482	1
447141	13
4480176	11
314284	9
337550	1
784040	1
275180	2
561193	4
827702	1
274292	1
178064	26
339336	1
165591	80
817903	1
157573	1
353593	16
276077	6
555951	2
343794	1
327756	3
132122	3
274297	25
211422	25
364289	6
571992	1
593376	2
188862	2
932848	1
383992	64
272111	4
183012	9
377756	233
530502	297
263203	3
231028	64
113417	690
330921	1
277967	8
350523	5
342504	26
269949	9
1135084	1
164308	1
1108356	141
181239	13
3009852	3
291823	51
4479793	5
560906	1
1105687	83
372906	11
184905	3
4421276	3
291828	17
1111522	4
349142	2
365181	2
364291	1
30622	6
349145	1
414089	102
834840	4
345582	6
267175	1
275194	2
346474	33
518438	14
347367	1
712677	6
106698	22
4395648	2
397363	36
336676	90
637934	1
588038	2
559527	8
297574	1
197782	7
197783	2
297575	5
219959	11
825939	1
395587	2395
269956	19
160750	121
1107473	3
194710	72
187989	23
274901	4
233817	1
260547	7
192930	17
1016598	17
404292	13
607540	1
305394	66
349153	9
276091	3
206494	4
4336746	23
518444	6
239562	7
535375	1
1110647	12
347375	2
407963	21
311230	1
588045	3
584481	2
851782	3
113430	1
214116	1
221244	1
585377	204
898217	924
303217	2
520720	7
262331	12
332720	25
182142	1
367977	48
189778	4
278879	3
3807411	1
382721	4
183039	1
4404361	1
323818	9
274912	63
1108377	1114
1108378	6
193833	1
25695	4
308072	1
2499530	9
1129867	1
1110650	94
849110	1
4435655	7
258280	7
337580	2
336691	6
4433878	1
214120	1
338476	1
212341	6
303224	1
302333	1
74407	4
915948	1
215018	1
298486	3
301447	2
350551	4
155423	1
513605	1
322931	3
332732	195
216902	382
265018	1
173245	10
314915	2
276701	1
484304	79
191067	2
182157	12
186711	10
593008	1
191068	2
351449	4
573407	7
193844	1
291854	1
292745	1
308081	1
96194	2
275819	2
518460	5
308086	1
588060	2
349175	5
4376963	2
389371	1
1010876	1
4372003	58
312140	722
298491	2
535399	9
408877	43
268099	55
843785	2
4296778	3
312145	1
345211	2
577377	648
549756	22
269983	8
313037	1
331850	1
264134	6
314922	2
320169	5
574302	12
114348	29
342543	41
263244	2
197410	4
531436	4
191075	1
287402	1
366702	4
265029	2
270375	11
553813	1
263248	1
584107	10
344329	30
308092	2
462939	17
193859	1
1105326	1
526490	68
1105328	142
517583	1
586290	6
747563	1
2750316	1
846464	5
2363623	1
797560	2
99879	2
655793	42
265030	3
305026	7
301462	2
269992	1
344330	3
524313	5
133065	9
208901	1
299398	1
1904161	135
343442	4
223059	43
347007	1
270382	1
550156	1
265036	4
159007	2
145643	1
524318	47
333645	1
331863	129
270385	2
189403	1
571642	4
271277	60
250784	18
196533	1
1109297	1
291870	1
376516	2
191089	7
278506	5
180397	56
350579	3
592139	12
290983	1
192976	1
725198	1
849147	1
579174	2
303251	1
204352	1
4413903	1
567595	4
300582	1
345231	270
107235	10
3392842	1
4430835	2
318503	7
369797	1
214159	4
270391	5
325633	6
333652	7
370183	4
271283	1
434336	3
614318	21
921813	2
270393	3
272175	9
3392847	23
2658061	1
2808640	2
165257	12
434339	12
157238	45
522549	2
441468	443
560962	1
232975	1
259805	1
2808643	17
172389	1
169815	1
314949	37
366727	6
266935	23
293666	2
383659	2
529180	1
4327881	17
1111580	41
274958	1
1111582	2
4412022	19
4476780	16
2216525	5
4337689	1
4232045	1
43159	1
4232047	1
769961	3
307820	3
4370257	173
514533	3
329205	6
688883	14
4343528	331
4334618	16
342571	1
253471	1
547601	1
102794	2
272184	1
174174	1
323862	1
896489	3
316734	21
268720	1
146554	20
427219	997
335447	7
342575	4
237438	1
457614	1
581463	1
315846	50
340794	8
272188	1
208927	1
352378	1
326539	1
592156	3
584137	9
183089	1
384555	1
268725	11
260201	3
178735	4
269619	2
274965	1
4307296	7
349809	1
176955	17
266948	1
260207	1
15540	1
529192	95
32471	8
1067143	2
215060	2
190815	17
206151	1
4435305	1
4333731	7
311293	2
339013	11
4354229	3
408513	218
592160	2
468313	3
233881	26
301498	87
146564	1
314963	1
269621	1
259820	1
175077	1
254376	3
112201	67
327439	10
175078	5
548507	1
563654	1
268733	1
197453	1
581474	4
560981	5
369416	5
586920	2
450399	4
580585	1
177855	10
188548	3
661669	12
270015	3
193895	3
277649	12
260215	2
231704	1
275869	2
1106254	38
28024	1
519000	2
827794	1
370809	62
1110312	67
817995	6
1109929	30
338133	1
347043	11
592170	1
313089	33
726712	3
334573	4
308734	11
584152	1
4020502	3
336356	3
322991	986
279431	17
532377	1
334575	4
421893	7346
568118	13
276762	1
197463	2
583266	3
306957	1
196572	7
274981	1
297256	8
186773	1
188556	4
301109	6
268747	445
571689	7
196578	27
184996	10
291510	4
291512	14
1105376	86
1128644	1
1138448	1
4407703	1
193509	4
4416614	1
2990145	1
181927	419
527032	1
339031	3
3472078	6
427241	2
313095	1
4406817	1
418334	3
522582	4
4442459	15
710584	1
532384	2
317653	9
315873	1
278550	3
531495	27
136783	1
209845	8
592183	1
569017	24
333694	39
113111	49
333695	1
276770	3
167078	30
198363	3
187673	2
275882	14
199256	4
350224	11
266976	94
262016	1
552988	1
180045	14
133719	5
4306036	133
174805	10
550807	26
183716	1
4401375	169
273708	3
263907	11
2029459	4
329240	200
811272	1
4466621	5
899195	4
29937	10
338153	3
347063	4
345282	135
229452	10
338156	2
336375	1
4386437	2
836325	4
843454	10
846127	7
355089	13
4393568	121
397065	78
528933	10
352010	1
335488	8
308759	1
300235	3
112234	2
111344	4
352013	2
498743	1
352014	3
369449	3
269657	4
105109	14
196597	1
259859	57
161343	53
155107	1
294202	2
4306040	1
1107175	52
320835	1
173920	2
550814	30
190851	13
173923	2
292426	2
175706	2
1112121	44
16477	4
361927	12
339050	1
4430891	9
308760	19
419245	8
4299126	1245
318563	2
819404	2
306980	3
158183	17
458550	4
585073	12
298172	1
307874	2
198380	12
197490	1
1054318	12
309658	1
199273	90
139478	2
254011	1
511510	201
352022	1
261140	1
199276	23
298178	1
521313	10
759816	1
259866	15
350242	43
985239	36
332423	3
199279	1
331532	2
1106290	12
710208	4
782984	96
179679	5
276798	6
205904	9
580224	1
330645	18
321735	20
586968	6
270059	23
562408	44
303919	150
191753	1
272834	11
181953	4
194429	1
274619	5
1813954	6
4396250	2
846141	3
347082	5
577060	1
918313	7
4417539	6
1112139	1
826541	2
2283111	1
2283112	3
527067	23
337285	6
338177	1
259870	1
844366	3
4430503	4097
835456	1
349862	4
298184	6
258980	6
269673	1
210262	3
300253	10
227697	62
349864	4
528955	2
539647	3
696563	75
153341	3
163142	6
544996	4
198398	1
366797	1
334215	4
333325	1
513307	2
350254	2
196211	1
293330	1
312833	3
450047	1
331545	1
350256	1
196212	1
276402	5
275511	1
520439	3
276404	60
421538	5
452823	8
580237	1
353923	7
290663	1
176615	1
181961	7
3206495	1
196219	1
274627	5
4356062	12
182854	30
273737	1
165927	48
1105016	5
593709	3
328380	1
329271	4
25005	10
828333	1
307890	1
4335578	2
329274	142
3957916	54
318583	2
298190	1
4483585	6
659047	2
309676	5
515498	1
547673	1
358781	8
743693	3
657266	192
799034	50
565495	1
1066913	66
842596	4
307898	46
259884	1
4360128	1
101572	582
573110	1
279487	4
302049	1
258995	9
311950	1
163153	12
180082	87
259888	1
331553	1
169897	9
536989	28
177512	6
276414	3
272850	1
206817	4
345913	12
4314092	2
346804	1
233549	6
174842	87
363735	2
295128	11
192664	4
264835	2
311959	12
584804	2
174845	2
4339144	15
194449	1
328391	1
329282	3
329283	2
845273	2
577082	651
1110378	1037
130091	2
349882	4
343140	4
336012	949
814986	1
349884	1
537886	1
110492	5
351163	4
180092	3
234443	9
311961	4
579866	1
340474	4076
367304	1
266621	1
350277	631
261177	36
275533	1
291571	2
544616	1
791522	3
276425	6
314639	3
320876	20
321768	1
174853	9
258607	3
4356080	31
355728	103
192676	8
173965	147
263957	2
339092	4
1105038	26
1997733	5
517293	179
45623	1
439880	231
4296496	94
309696	1
319497	2
1019609	1
4030375	1
529873	1
308400	3
798164	32
210292	8
333351	11
520462	2
574021	2
416215	4
331571	2
268410	8
261183	3
270094	6
196240	5
555314	1
185550	4
321774	10
352069	3
340486	11
342268	8
295144	60
311975	1
274652	2
261188	1
294254	8
197135	1
313757	56
534825	2
268416	12
213966	20
296038	3
168625	104
185555	20
353954	131
443945	57
277329	1
178428	4
197139	10
196249	7
195358	3
4309760	19
182886	3
388808	77
509285	1
1777569	9
617098	7
2256425	25
211191	1
523140	180
2256427	1
809658	1
1107829	11
309302	91
539688	3
164071	1
333363	2
215751	1
529889	1
580270	3
511564	1
844006	32
537503	2
316436	1
332475	1
187341	10
237138	12
324456	10
279115	1
356632	10
354850	5727
268425	12
179325	1
894007	3
354854	1
161001	1
345944	1
258626	7
355746	21
527709	1
353964	5
792436	4
542857	7
275557	23
273776	3
390497	192
192696	1
22371	14
4401045	2
32177	1
270707	4
328024	2
228232	1
524044	2
301195	3
336043	2
305750	4
549499	7
566022	3
209524	15
137353	30
843124	2
510683	12
109733	4
262095	2
94758	928
587510	7
577710	1
164088	3
528606	1
590085	1
275563	123
193591	100
186464	1
347735	2
311997	1
274674	1
813729	3
592860	6
339718	5
158846	4
185576	1
1112190	2
111019	3
293389	6
272899	12
271602	5
583958	7
190523	1
847092	1
4440360	4
54563	28
4322751	2
318231	14
4335229	2
204088	2
522274	1
514257	2
296062	1
910853	1
529506	1
179343	39
368236	3
347744	1
159743	38
234488	9
340111	1
588414	12
176673	1
259536	268
576833	1
461795	19
291211	1
351800	2
163800	4
4418496	17
230528	2
180731	59
270722	25
162913	1
13485	2
360717	1
1108745	73
808794	3
1108747	7
4008139	3
180738	5
204093	4
424270	8
1140421	1
319134	11
556240	12
324482	1
288052	1
4402959	4
109753	3
556244	6
269342	4
343196	58
348642	34
554463	5
899886	8
179354	2
589313	5
556247	39
641783	48
195392	10
365574	3
338845	2
299741	1
363794	2
311610	1
196286	5
160140	103
582089	15
295188	3
211820	1
347758	11
276478	39
241224	4
301812	7
196289	41
310725	1
352702	5
270733	24
4015273	1
381219	14
290338	39
191439	1
4318315	11
1896700	1
326271	1
4375442	2
308451	5
1110037	685
720093	40
148072	2
207770	1
335183	5
1112814	2
346870	17
434089	69
338852	1
527745	2
295194	1
539328	58
645358	1
313400	4
534874	2
276484	301
197186	3
537548	4
525966	1
187386	1
259557	6
573189	5
337966	780
345986	1
348659	11
178478	33
330333	25
312515	2
186499	7
299757	2
340139	1
184314	2
210946	2
351823	15
590712	1
191445	40
182537	1
294905	276
4301298	164
2487345	9
1876119	1
319153	1
392918	106
4446732	93
4446733	34
308463	4
26978	18
404691	8
808414	1
327176	1
4358527	1
4446736	1
319158	2
4446739	5
296094	2
110161	2
610111	2
288075	14
269365	1
268475	5
848615	1
234113	1
345994	2
324104	24
277388	4
741599	4
200157	1113
296099	1
511216	11
847728	27
210950	2
354501	1
105813	7
330345	10
195012	1
578649	138
184322	80
343811	16
193233	1
453405	7
261841	1
310748	2
400739	62
580920	15
192347	3
4315660	1
271647	1
4422580	17
530928	9
352728	28
342928	3
183439	8
270759	5
66188	158
4446740	71
309361	1
309363	311
327184	1
336096	3
416286	1
317385	3
449353	292
318278	2
527762	37
2050168	1
178491	4
4428929	6
1104817	47
357582	4
579541	1
347783	1
169584	1
306699	3
332132	4
512114	5
249776	1
333024	4
205613	8
102159	4
235017	3
320553	251
511229	28
303627	3
193242	5
265414	3
352733	1
330359	2
560336	181
160178	93
210965	2
180771	1
354517	1
275218	6
573803	8
196913	3
1678333	4
1107895	7
295815	1
1751298	7
2897325	1
833381	6
2368865	35
446691	69
268492	3
2883968	1
743396	2
4144205	2
314320	12
521033	6
269386	619
323231	1678
310760	1
276110	2
571031	6
338887	18
567974	4
306306	1
443620	549
363430	28
136127	1
522921	2
290371	1
342940	1
276115	5
195035	2
274335	2
262752	1
264534	5
231469	1
164744	3
264536	22
450755	40
344726	4
372348	207
530947	23
342947	1
4307661	16
295824	2
281469	8
662917	19
296717	4
1062061	2
309382	1
4315688	1
1106614	101
2085032	1
308495	1
4455677	75
519763	13
1111965	4
308498	1
1140477	22
519765	4
315220	9
110192	75
317004	1
315223	1
304532	9
110196	25
185240	4
336710	32
463233	3
177222	256
333049	1
291272	3
525606	2
271672	5
593422	1
178117	34
166535	2
195047	11
191483	253
334935	6
198711	6
301869	31
4425280	4
297613	1
327808	30
193268	1
262766	1
183467	734
270786	2
191487	1
172777	2656
351869	1
4477062	4
197825	7
296726	42
47100	10
816470	3
3449666	7
629361	37
4395096	1
4402610	2
319197	1
518881	10
2797559	1
2867949	1
333053	18
332163	1
305434	1
267220	9
364341	5
153075	12
266332	6
185251	1
348304	3237
292171	54
322367	2
203865	32
301876	1
363454	5
263662	674
851822	7
343853	203
342962	24
1646183	1
191493	4
273466	2
584524	7
163874	1
272576	8
337619	1
278912	1
175458	3
387615	87
843808	2
193279	1258
590765	5
271689	1
4466382	1
1122673	7
11376	1
180408	2
1043378	20
1077336	1
306330	3
102192	1
518894	44
77514	1
316132	28
4332238	1
2277614	9
241290	2
2851419	3
213671	8
259212	1
177240	4
355440	10
340194	1
300990	39
268123	1
324157	10
195061	292
321484	26
540770	3
292181	1
470382	5
183480	10
268125	14
553245	8
146950	4
356336	21
350991	1
335844	1
259218	1
269019	15
4393926	1
336736	3
327826	1
292186	1
276149	423
577406	96
326936	14
192396	3
261894	25
334956	36
193288	1
183487	10
352777	4
295856	1
4369272	16
1108422	12
278928	2418
290005	2
1105751	22
1703712	4
260607	6
1000113	125
559991	9
725212	1
3191793	1
304563	1
315256	1
276151	1
527413	4
216356	4
158540	58
366143	105
326940	29
411486	30
801844	1
522961	2
169234	5
157652	1
215468	2
339417	2
179037	2
277047	56
584541	204
366147	7
537219	19
564941	5
178148	3
278931	4
194187	5
272595	8
461487	592
295861	4
297643	2
183496	698
4308591	200
298535	2
111712	5
583656	14
352789	2
320207	1
351898	1
342988	7
164788	27
299428	186
110824	1
180421	1
189838	2
1106654	40
4358599	1121
4331364	1
4471351	2
2740953	14
308136	1
4357307	14
314374	6
571081	4
413275	4160
333085	10
178151	1
571083	2
274380	2
356353	1
532771	1
804526	3
527425	51
185281	5
303686	1
4387706	1
354574	3
199640	1
4409280	1
273494	2
4329090	1
592572	1
175485	3
189840	2
264585	13
397444	54
189843	4
336759	67
369827	1
261511	1
300618	1
183106	2
110836	1
370217	1
295879	6
45363	20
350619	28
45365	3
97142	6
2066374	9
700181	5
4465124	6
4357315	72
304580	6
316164	1
207462	5
412392	3
552380	2
307256	1
356360	7
821465	2
452592	1
339435	5
353691	12
323299	5
239644	1
265483	5
277066	8
313499	1
277067	5
299441	13
100045	4
322004	1
311312	2
259249	124
564961	5
275288	1
230232	1
463289	37
320224	4
273100	2
326968	1
662974	2
380021	4
2901240	1
321119	1
272213	114
341713	2
196986	1
370225	8
332805	3
4414240	1
188969	50
1035392	10
350626	1
4414241	14
390820	38
4414242	1
520808	3
97151	2
513080	5
193915	1
209251	2
3970651	2
98048	2
2198356	2
325085	38
209256	2
4384058	3
259251	27
526552	34
4352875	1
215495	18
4468805	1
178173	427
403497	60
338553	39
335881	1
349246	10
269058	1
367068	1
518538	1
604966	1
179069	1
810788	2
399245	2
369843	2
318959	12
14090	2
321127	3
198774	2255
342612	94
289658	2
189867	1
253513	1
210647	1
14094	4
332813	5
331923	1
341724	2
287879	53
110858	6
393504	1
270448	1
195704	1
3393191	1
162639	95
3621189	1
373909	8
2122024	2
277081	2
543491	2
207487	2
848315	4
4483963	66
337673	10
232030	19
269068	5
157693	1
267286	3
365297	22
346587	1
103730	1
197890	2
514988	1
104622	1
336789	1
300644	1
302426	5
2550809	18
111753	6
341730	24
155511	2
1108470	149
300647	1
583699	1
351533	1
265106	1
320249	13
1109362	4
166206	1
198788	2273
260653	1
351536	199
520827	5
165318	11
195711	2
192048	5
530629	3
194822	1
1107586	92
180468	7
171559	259
580629	194
291949	1
4343981	139
2865835	14
1110752	23
277090	2
259271	3
518552	6
318970	1
766351	12
158591	83
259275	1
366195	10
326991	14
303320	5
579244	9
813479	8
2075910	4
320250	61
229874	14
410242	344
328777	40
400443	2
258389	40
113542	108
301544	4
587269	34
345303	1
107308	4
977628	2
340850	2
332831	4
261551	8
301548	3
264225	3
183144	7
1109372	1
340852	4
513706	3
192055	65
182255	1
110876	2
325706	1
340853	5
260663	4
161762	37
263337	1
194830	2
3752280	2
291950	1
1127197	35
197504	15
275913	5
373923	106
4309137	3
276808	3
1106302	158
160879	8
195728	37
373928	208
187709	6
194839	1
109491	21
1068499	1
528362	19
527473	1
216010	2
586380	2
327891	3
529258	4
268196	1
347496	1
328785	1
753891	5
206213	2
469663	10
199692	2
830014	8
4342704	6
586387	11
3181657	1
344422	2
520840	65
341750	55
541334	15
162660	16
260670	200
354225	14
199698	2
352445	1
166226	4
353336	1
3409154	1
364029	204
198404	3
350666	2
145737	1
287505	3
193950	1
287506	1
350668	1
267905	3
275925	1
197517	109
177917	1
309083	1
373939	5
4339547	1
4412103	1
269093	23
4346677	35
838544	1
348398	8
799443	10
356011	208
356012	8
551141	9
158211	1
305127	13
228601	1
192070	25
364034	1
322059	3
304239	2
610842	12
176034	31
779847	1
711526	1
261572	1
199301	2
301568	1
296420	1
272265	3
158217	12
325726	1
157327	167
187720	18
264248	1
178811	2
652823	15
192079	2
271378	2
571744	10
564617	1
267914	13
4448250	16
581549	2
4315395	3
278609	41
267918	1
4315396	49
4426873	2
1021682	12
589071	3019
309099	1
4346687	5
46910	42
1028915	10
519478	27
2265722	11
313153	2
311371	1
232072	16
508788	82
319898	1
579278	41
106444	4
308802	1
264252	19
332860	1
574421	1
672431	6
301578	3
348009	4
175155	39
333753	3
520864	2
326626	3
364048	5
135952	572
831922	44
157338	1
162684	88
289306	3
186841	9
341777	1
135956	2
177933	29
324849	9
196645	1
291982	22
197537	19
4447372	1
276837	2
277729	4
194868	1
180107	1
381979	28
4367187	2
52163	2
2383341	6
24546	13
510070	95
314053	4
321182	1
588197	53
444241	24
317720	2
314058	1
273171	1
300694	7
211595	1
354256	23
310499	1
524439	4
298224	3
349902	1
174276	16
297334	1
484444	1
368615	1
186851	6
586019	61
333768	12
385545	686
269715	6
511969	7
267935	1
396239	853
295556	1
187747	20
390896	71
2318202	9
178839	18
186858	45
4428675	4
1105454	73
4314125	1
190913	5
769075	7
4035247	3
1921818	6
798581	85
4346307	1
176060	1
4058515	6
91486	8
338222	1
401384	233
345350	12
716006	36
329313	8
266052	2
335550	5
4189999	3
176062	1
445144	2
322087	67
263380	36
328424	1
176063	1
355154	7
524444	5
335553	1
348027	401
184084	5
303379	2
299123	1
263384	1
157355	3
168047	237
351593	2
300300	20
300301	1
176067	1
4407190	1
174285	1
324865	1
547714	6
538805	20
155577	2
315958	2
350300	4
374863	22
295564	7
199337	8
196664	6
292892	7
288438	5
189539	1
875709	8
261208	15
261209	2
191811	1
3758679	9
2923307	1
208042	4
191816	49
2724618	4
1110412	29
528013	1
266060	1
988375	8
525341	9
309720	10
356052	239
346253	1
203594	4
263390	25
525344	80
274083	1
343581	6
356055	11
576232	2
681370	625
437137	3036
4390972	1
348038	13
4226929	71
543168	2
815913	1
167166	2
578016	74
213399	67
233993	3
268841	5
279534	24
275970	8
196672	1
227758	4
178852	9
262101	10
832848	14
271013	1
994219	2
112316	27
197568	1
111427	3
349929	7
340514	1
320912	1
161423	64
35260	3
1106364	2
320915	1
17444	2
29029	1
272905	4
42395	9
16559	1
193609	2
306066	1
1094991	5
569110	9
339133	34
533373	1
558420	168
265182	54
353392	1
326662	212
547730	1
541394	3
521792	24
278650	9
346267	27
347159	2
157376	4
336468	14
199354	17
344488	55
264298	202
439924	5
396266	2
203209	2
321811	31
131039	1
186886	5
275987	2
332507	1
230933	2
262119	2
580305	10
4313262	2
194504	3
4446120	6
570507	2
132929	8
273806	3
4412168	4
830080	1
4452364	1
215193	1
207174	5
838200	8
99634	2
4334755	67
356073	9
325780	1
4341886	1
157382	2
158273	8
346275	2
347166	11
574471	3
826624	8
529921	5
627932	1
114111	11
355187	114
338258	575
245595	6
324894	339
265197	23
245596	1
325786	14
334697	2
211234	3
522699	4
259955	2
619919	97
180150	2
287576	33
268865	3
322711	2
199368	3
278667	23
197587	1
321821	1
177986	1
270145	2
340535	3
1106384	1
193620	1
292521	1
341427	1
321825	11
581207	1
1604555	1
151647	6
185604	18
191842	1
195406	14
561607	31
291637	37
1682176	2
183827	2
47862	10
3682570	56
829302	1
4449803	117
308860	1
216097	8
827522	1
306089	30
339156	2
4441688	1
107398	1
772282	404
204111	3
525377	4
558444	3
525378	3
2140546	1
565572	5
353012	73
351231	708
278675	71
350341	1
296496	3
583398	1
110563	1
276894	11
582101	1
111455	15
786646	46
314703	5
537959	59
322723	12
353017	8
360147	6
620319	68
4390609	1
340547	1882
270158	106
323619	21
350349	6
181059	17
592901	2
214919	66
354905	99
184725	18
1584173	63
306091	3
354908	1
192747	1
2901965	8
272938	11
184729	19
192749	2
608244	88
327581	97
1046408	2
347188	3
238487	3
347189	5
565585	1
344111	2
349963	11
388276	16
995147	3
204126	3
278684	9
198494	9
269775	6
299179	1
107009	1
179785	1
344114	1
269777	1
4380813	1
353026	3
305803	5
146314	35
279579	34
612308	25
313823	105
270165	1
333426	9
186510	3
197203	3
196312	3
251456	594
354911	11
187404	1
166911	10
341449	2
354914	12
275616	12
195427	3
290764	24
462727	50
276509	1
1111350	71
190975	19
1106006	3
183849	3
592917	2
4359831	3
577170	38
348085	1
528067	1
557570	7
348088	1
1051764	3
299184	1
576285	1
279582	11
834677	6
646677	1
259983	1
335212	1
308889	3
879327	5
216710	20
85903	13
557578	6
341453	1
324524	1
366500	2
277400	11
172163	20
4481506	6
582123	7
196322	1
260375	1
325419	8
350367	572
271068	5
561636	2
266715	7
331659	229
272953	38
275627	8
183855	1
34020	1
158908	1
265828	2
192767	1
528071	12
339180	1
519162	3
4476561	1
318695	2
4379449	61
4387469	8
798253	5
524111	10
104352	1
833795	13
4375889	1
337004	1
210383	2
44827	1671
129401	8
344133	1
112374	8
4381723	1
326315	3
104358	1
340572	1
165046	1
181084	8
330772	7
263057	5
179402	2
347801	6
342356	42
262166	8
320972	1
207816	5
307608	13
267612	1
178513	1
334339	55
264940	3
174950	3
560753	1
264941	6
260387	10
188316	1
273852	1
184753	1
195445	1
288109	3
168716	2
4329450	14
190992	1
192774	1
191884	13
730939	5
346918	2
592933	7
175847	3
194559	2
192777	94
174958	26
2653002	7
749151	194
927352	2
1141770	2
2232355	1
2224336	18
518287	16
302160	1
221080	1
2920309	18
112382	1
729559	7
548686	27
316521	3
332560	1
350381	36
262173	53
269401	14
113278	2
526902	3
348703	3
306728	38
321875	61
183870	1
194562	1
365634	3
260397	4
312967	12
194563	2
4357080	1
258717	1
184765	8
259609	4
362965	1
534929	1
193678	3
2949328	1
299807	2
1015154	21
180800	1
4435496	1
3963289	1
3304236	1
2101287	1
4457872	128
190605	1
4434203	3
803010	1
976470	26
548692	6
4387488	3
1115946	1
107044	2
352171	7
523244	1
522353	13
4325509	9
311087	4
325443	1
760350	2
344154	2199
395040	101
263074	4
513445	49
350392	2
423455	1
316535	5
189222	7
300399	1
349602	3
4365707	5
564334	1
344158	1
465433	1
314755	3
3275938	2
276542	6
216747	3
581265	1
316539	315
293473	56
368318	1
258725	2
288128	19
341489	8
462764	47
179427	1
269418	60
197248	1
374557	4417
295258	1
195466	39
576914	1
258728	4
354957	7
150412	1
399606	428
182995	1
174978	19
2921213	3
191502	1
204171	235
712142	11
1115958	1
228330	11
303076	17
510780	1
516126	2
333471	12
4296216	363
351292	92
4226619	28
831641	3
316544	54
822733	1
4381755	47
319219	1
294370	46
277442	1
324567	1
580383	1
259623	7
110221	10
292591	1
553654	3
199036	5
351299	5
208739	25
637409	4
259625	16
3090117	13
332588	53
354963	1
313878	1
561676	1
364765	2
1106050	2
381694	18
178546	3
338926	14
697208	38
162005	11
320603	7
576926	2
264978	53
4418586	1
230618	2
838281	10
4399086	2
1109724	91
73371	1
192408	5
180826	1
181717	1
1107945	574
360808	2
837396	1
4331760	13
1124877	2
4305923	19
701462	3
318332	19
345063	1
826302	4
826303	1
352192	3
575041	15
646321	29
307643	5
4412849	2
328137	3
304971	15
647215	59
823634	1
259631	2
111120	3
752354	2
268542	1
276561	5
289035	3
822744	7
335268	7
342397	1
326359	1
555445	2
449417	1
297057	1
340210	6
338935	1
178556	1
231510	765
299833	7
579608	4
363887	28
290420	43
262801	1
4412850	2
1726408	80
801260	1
181728	1
190638	129
262809	53
190639	40
329032	4
4357712	1
4422656	9
328143	5
10512	8
3325758	24
521491	36
4470870	213
155291	2
567033	6
323693	4
532187	12
10518	2
258750	1
267660	4
356760	20
582184	2
348743	1
197273	2
950169	1
339834	9
195492	1
341111	2
832558	8
279248	4
196385	50
175893	8
179457	6
185695	1
274795	10
348748	1
339838	87
311712	1
354987	6
273500	1
640999	212
569818	855
399637	45
298954	5
293104	3
321517	427
232417	1007
310826	4
311718	2
263705	3
3325760	2
113919	9577
174607	7
3007575	24
48444	13
272619	4
2835813	210
190649	46
1698008	16
1110135	23
336174	27
517048	1
198170	1
949789	10
199061	11
797021	54
334395	2
347860	1
348751	2
276580	1
455671	5
566155	9
110250	11
4382678	1
536754	36
306778	11
325489	6
332210	7
208769	2
573287	1
546557	8
215897	11
674961	1
295296	25
583089	10
573289	1
342014	21
772972	2
197288	5
453896	7
569826	2
562599	614
214603	96
444987	20
593886	1
401717	3
299858	3
182632	1
343906	1
173726	1
175508	3
261935	7
271737	64
1111033	498
190658	16
191549	299
1021043	23
3029968	81
822770	7
547451	18
345095	2
860192	12
228374	69
318366	1
563490	27
300041	1
200250	1
197291	1
289064	1
316587	2
887025	192
428953	1
257881	1
198185	1
349656	1
111154	1
297087	21
342022	102
350041	6
510422	3
675863	1
333114	23
953855	31
276597	12
571111	476
311732	1
382220	21
561312	9
314406	22
178589	1
660214	6
196004	2
183532	4
311737	11
275305	1
461524	2513
344804	32
182643	2
344805	1
193336	2
184426	5
191555	1
352829	1
4417335	441
318370	4
415491	4
14106	12
726550	1
327284	9
198190	34
268581	2
4453977	3
347882	1
4351007	2
659831	7
528756	2
103145	8
528758	1
568952	3
333123	1
572010	9
313521	38
376397	417
585881	12
576972	2
216403	3
310850	42
313524	2
340254	17
576975	1
161164	1
303724	13
299875	1
324219	4
355503	1
274422	41
354612	4
195123	10
127309	4
375106	250
262842	1
157704	3
182653	2
194236	2
441934	436
197900	1
190673	1
4304085	6
183545	5
292248	2
4343390	1
531928	2
167509	16
175529	2
592616	4
4333590	7
270866	89
172857	1
36892	1
271759	1
181768	16
172859	3
180879	1
4335376	141
4235585	53
3013444	8
1136109	2
589450	4
515299	4
288193	20
189293	1
4302904	4
348785	36
288198	1
268596	6
330460	2
518967	40
188001	1
143355	1
150483	2
291360	2
354622	1
352840	1
568968	1
265522	3
356404	6
187114	3
177313	40
346604	1
356405	45
265524	40
170089	7
175535	2
276218	3
263744	7
274438	8
353737	7
344828	1
271766	16
581933	155
166629	1
1109788	1
191579	5
309480	1
829032	15
287909	1
198809	2
2334610	1
1026524	18
36503	1
4473596	7
2590430	7
519864	11
459276	272
308598	2
300074	4
243150	25
321560	1
339886	1
279298	5
314433	4
259699	5
324236	12
187121	7
188013	22
292260	33
258404	1
208409	1
357305	15
196035	2
238803	1
260088	11
351960	2
152278	5
352852	16
193364	103
199701	1
296821	2
442846	5
186238	3
793109	3
275339	14
351967	7
509070	1
4434294	1
197924	257
295935	1
4474490	1
1106727	1
528782	6
527891	4
4483001	1
548385	32
334040	18
210095	4
215540	116
589475	6
334044	101
324244	1
277120	148
214651	1
400871	1
206633	3
50779	2
514028	8
258411	1
322464	7
334049	1
348404	4
312665	16
302865	13
540862	1
523934	1
155951	1
310886	3
594422	1
183572	5
276236	5
274455	1
351972	108
288810	30
665703	5
229905	5
351975	8
1110191	57
183579	3
199716	7883
592649	1
509083	9
826382	7
190309	56
4424106	1
4322534	1
2545906	7
3980515	1
207532	6
4340358	89
331382	1
4471435	1
268220	54
342075	4
365341	4
4400949	4
305545	1
258421	7
336830	2
339503	1
359105	1
194270	1
551562	1
339504	2
109527	16
177343	2
564037	1
153187	5
571165	37
105964	101
234269	1
337724	1636
565921	1
337727	2
189920	16
192494	90
592652	6
293178	2
347529	2
192496	3
337729	9
346639	2
851935	6
229919	1
290100	1
189924	2
192498	38
583746	11
1137031	1
271799	3
4426298	7
198839	1
4426299	65
171607	130
4446898	6
3259606	2
308224	4
723530	1
349310	132
2127939	49
4390365	2
312682	1
580081	1
527512	5
463361	1
209327	9
326048	13
553352	20
178242	2
686211	328
277143	236
329712	18
333178	9
269125	2
543553	22
577512	2
265563	3
631764	223
338626	3
179137	4
328825	21
336844	8
580087	8
173792	7
571178	206
199731	29
151013	2
567715	234
177359	31
163997	19
110924	2
271403	3
1109422	7
189938	2
288839	1
296858	161
1105860	65893
19611	3
4412541	236
181419	1
180528	2
270519	4
3785400	29
4466103	1
228043	21
4295035	1
332292	1
422283	21
406247	1405
276260	7
85658	1
518613	2
3765807	3
517722	223
616624	17
1098946	4
585540	1
259335	7
356454	1311
353782	49
195185	2
186275	1
588216	1
310510	1
264684	3
634449	6
353784	10
535549	2
335965	4
194297	1
335967	8
557926	2
330116	1
149749	5
797704	232
377946	11
300716	3
310518	2
1055082	4
295978	1
291017	4
351607	18
4459388	2
271418	10
4429986	75
4303850	1
4402751	2
828198	3
514061	7
292906	7
307352	1
708401	13
4483046	1
2487129	2
634450	2
339531	1
313593	1
1032415	4
428632	1149
579311	5
308249	3
628218	82
185391	6
347553	10
515953	1
234298	4
338644	51
196085	1
264693	1
851961	1
4450979	5
179157	40
255783	9
213401	2
278059	4
320321	9
267368	1
158667	1
266478	28
540500	1
100148	6
835928	2
575756	1
198865	183
263403	4
198866	54
181432	3
470117	8
110945	6
1126373	2
340923	10
352507	1
173417	2
292910	29
38344	1
4319005	8
180547	3
194903	1
228061	11
4363660	2
4452761	12
548032	12
1076587	2
194909	11
309147	6
609513	89
334096	6
628226	3
509723	2
337760	8
700298	1
329741	49
4372578	1
178274	3
569522	11
269156	31
323001	2
510114	2
784256	7
277179	2
188079	1
189960	34
339549	18
578437	3
197980	2
229958	8
289754	1
420127	2
1749791	74
299556	6
322118	3
162730	1
192133	1
260741	5
591405	11
333807	3
180555	16
4441084	1
97263	11
294709	1
293818	2
4336940	27
276290	1
356481	2
508842	1
216495	31
308269	1
325199	1
216497	1
538247	25
208479	446
277186	1
2233608	398
346686	1
312322	22
409947	2483
328866	22
179179	2
304304	2
212532	5
313216	2
197991	19
197992	1
214317	2
343611	19
191251	8
273223	36
274115	10
272334	1
181452	2
271443	1
334705	1
156505	21
343616	1
260753	7
272338	24
1129069	1
4127460	19
194925	4
4366353	1
4338733	3
2875735	8
4387840	3
1111745	1
259372	1
209377	5
519545	2
516873	1
4420206	72
314110	8
72820	1
31735	1
269176	2
339566	1
337784	2
741001	8
179188	1
347587	2
331043	1
323024	29
584692	4
289771	9
323025	3
215214	2
310551	2
297792	1
178299	1
578457	3
289774	4
389566	13
320354	55
221454	77
183241	1
272341	2
322138	7
540532	5
561027	1
1952	8
197600	3
287998	14
563803	1
174337	1
176119	2
185029	4
251854	44
181466	2
292941	1
4315471	1
512919	1
187807	3
15700	1
34413	1
1111754	15
349372	5
783390	1
92430	1
417981	6
4420215	1
549950	7
568662	1
278098	30
230370	4
532521	3
336501	2
300763	1
298695	3
165430	105
302545	5
344523	7
190380	17
291063	17
340960	5
300766	3
270571	45
274136	1
211667	1
185036	36
372146	96
273246	17
344527	1
522727	6
564704	1
324926	6
180585	4
590544	9
351659	2
590547	7
188706	288
194944	2
287608	34
97294	6
4449236	160
4465275	3
526690	1
1106419	1
2235415	1
2163247	2
517785	1
368097	6
233052	4
579366	2
347200	19
588277	2
13939	1
204542	3
411254	28
796871	1
303444	1
177022	1
100198	1
104752	1
345422	1
175241	2
337403	11
423830	25
177024	6
420168	41
336513	6
585202	1
191281	82
263452	56
566899	335
351663	3
190392	248
260781	1
165445	6
554912	2
199403	35
195840	2
1579250	1
333846	158
290188	3
575407	3
277813	2
261677	1
352559	1
227819	1
197624	1
196733	1
594119	5
292962	1
195843	1
260787	2
186935	3
2768843	18
329790	2
509773	11
636296	1
728069	43
4299664	3
3694599	2
839545	25
510162	6
15728	5
4311539	1
312364	4
827968	1
335632	1
262570	2
174361	74
259006	16
264352	24
353453	3
732128	2
301678	3
189611	1
268910	8
316925	22
325836	1
278712	1
621649	6
174368	2
148529	4
264359	2
4449250	1
574528	1
234959	5
1656781	109
581658	1
196746	2
4407278	1
178927	1
161899	11
196749	2
2237211	6
1111782	1
307022	37
4008606	1
4471135	2
357020	23
839558	25
518699	6
330193	1
508899	1
107443	1
4365109	1
331086	1
4471139	1
380190	112
291090	101
517405	2
1053979	2
237631	38
851630	2
271490	2
733028	14
114575	7
324951	1
689975	2
176154	1
335644	2
355246	26
351682	25
1992	9
184174	98
309806	1
356138	2
199421	2
369602	46
174374	27
516519	1
851634	1
342774	3
269811	1
345448	1
521866	2
343667	2
686900	1
565625	1
585227	4
833816	1
187841	3
269814	45
414949	6
197644	69
270200	23
297437	5
188735	10
179826	1
268927	1
359809	398
1105552	1
1510067	1
13960	1
758482	6
4398585	85
125270	2
4398588	75
609589	71
191908	1
4401548	645
4345515	2
405046	2
313274	4
216155	2
267042	1
265260	1
515632	1
228730	2
321295	1
328523	1
266153	2
446135	116
325850	81
356144	37
334761	76
525436	3
168145	8
545038	46
454156	13
319616	1
189630	3
531675	1
400599	269
278731	12
198542	9
188741	44
592365	1
277842	16
163696	2
342787	7
343679	9
271101	1
351698	4
296556	1
260410	1
340600	12
320009	3
350404	2
271106	19
196769	1
3154070	103
190028	1
1523543	1
192803	2
209031	17
4303545	1
4340076	4
192807	1
828884	2
838685	3
16649	2
4432841	100
4094263	57
4364237	6
4333943	193
436341	37
4433736	3
518314	6
319621	60
766113	1
545046	1
176172	1
4377704	2
357046	227
221110	1
574551	3
433676	8
145883	1
364179	11
269833	877
336559	463
310215	1
199445	45
590595	19
876705	16
383885	26
272004	11
194994	1
171322	13
196777	19
190035	1
1104680	4
4324040	1
382998	16
180235	11
351309	6
321907	5
4365130	16
1106468	127
193705	3319
217060	1
3117556	250
4364242	1
4403349	36
4374046	26
303491	40
339231	1
214392	27
305275	1
913036	2
348142	1
3486634	37
569210	1
319633	1
586141	17
349036	69
516544	11
356164	16
527238	2
327656	8
4376828	94
324985	4
567437	1
278753	6
295683	1
157479	6
358944	8
342403	115
296577	3
174004	8
342404	3
263106	1
190047	67
332608	65
2879379	22
273902	8
184803	3
1105589	1
4408801	1
4322275	2
4314257	9
4314258	1
13995	5
553080	2
259051	4
533480	1
305288	1
615455	1
346374	1
338355	1
888300	1
259056	1
539820	8
4474844	5634
524575	2
337465	13
830189	179
326774	6
449833	5
533488	373
289454	5
272020	4
589822	1
272021	1
301325	22
331720	2
189667	14
295696	6
323702	229
276985	43
182033	51
182034	1
352215	3
172233	1
279659	48
650800	2
322814	1
164216	4
165107	4
182037	6
3449121	3
261337	11
360238	66
3449122	1
313908	7
390633	10
192832	1
4413164	52
4405146	3
2805825	1
839200	4
192839	32
207284	1
509433	86
543291	19
238570	2
355291	283
719811	4
318764	7
3173413	1
258177	4
132041	2
772384	11
549635	5
266198	15
268971	1
375892	9
312027	4
352222	6
289467	7
452014	165
173132	4
343313	12
310247	368
264014	580
1108270	72
197696	2
189677	8
188786	1
190063	7
276996	8
182044	20
268978	1
370046	1
154424	5
160661	2
580421	8
260454	2
254218	1
165118	22
260456	1
195512	2
371930	29
331737	13
591118	1
292633	5
77371	11
4426641	3
273928	1
4388430	7
191958	1
4402489	4
4321001	802
4357147	2
3265595	1
217096	1
4347348	1
338372	3
4309927	1863
356192	49
839215	1
1111448	28
158393	1
613697	23
288581	90
228785	34
513500	1
228787	51
842786	2
576377	2
4460109	3
584397	4
772398	32
182052	11
298388	3
325503	21
174033	7
174036	1
362037	4
270264	1
343326	2
589848	1
231952	10
181166	1
174038	1
3529330	738
4390718	1
265912	2
292643	104
355905	1
1106101	6084
4316067	28
3528445	32
294429	3
4435561	1
1737536	20
355909	1
3528448	3
192857	5
4326861	36
509452	12
807046	176
2611107	1
4354486	5
337494	1
309873	1
214030	7
229683	8
4310326	744
214031	79
755474	3
516588	2
838338	4
359872	52
353131	8
212255	1
182061	1
584001	3
513513	1
213147	4
269885	1
174043	1
541135	23
164242	4
514405	9
352244	4
263144	6
520643	1
245324	86
510843	15
582222	13
198201	12
321952	20
182065	4
130289	1
261365	1
351357	9
531339	1
167910	6
350467	1
262258	1
583117	6
355912	3
462832	1
186623	7
342449	10
364824	1
266816	6
1845355	21
970805	43
2617854	1
17598	5
4456065	19
290877	3
183958	1
21652	2
839233	4
319681	142
389282	19
338396	9
320070	6
311163	6
1085832	31
30569	18
301363	1
548775	366
299295	36
289495	1
772010	1
710432	70
702414	1
147321	4
305920	1
522433	19
532235	4
198210	1
345126	343
321960	16
188410	1
778758	2
263155	2
662422	10
565304	1
174056	13
186630	1
277512	7
370077	408
353149	2
197324	1
267714	1
195543	410
1629740	144
2985051	45
466409	112
197327	13
189309	1
2645483	1
267717	1
347908	1
2119695	1
4437362	2
194656	45
176836	5
1530340	68
1107018	162
1113256	51
319690	1
4366089	1
759053	2
658370	6
1039405	3
48899	18
517495	3
34139	3
409686	4
568383	15
2075740	2
518389	1
304043	5
577294	58
4341633	15
304047	4
361170	15
584020	6
205148	1
511751	1
272072	5
531353	1
2182669	1
105358	89
851323	29
317515	52
158027	7
331772	3
348800	2
263165	17
318408	1
197331	2
271185	1
109914	4
563532	8
370086	35
265940	1
198225	4
171396	4
342469	1
183970	1
194662	3
231985	2
199118	28
321979	1
275746	1
291784	1
194665	6
585914	15
100506	38
194667	2
150502	1
191994	62
273967	1
355939	2
806182	2
1112373	1
1107027	7
529083	1
1579962	1
1041094	4
2134452	5
99793	3
312070	4
30587	1
346030	1
303165	1
559488	8
317522	1
307722	4
558599	113
303169	1
510871	1
340690	2
322870	16
4384516	9
535920	1
4390754	2
331782	1
268620	3
368412	1
344256	5
4390755	1
653533	7
288223	539
355940	3
321983	16
571563	1
189324	1
172296	1
366633	2
194670	30
305946	8
266841	74
921726	2
357724	9
196453	1
276643	4
331786	24
537708	6
453955	81
151401	2
193784	1
4329571	1
183985	1
184876	1
519290	571
290502	1
3568684	3
1112389	32
809863	1
28914	2
534042	6
436032	6
516223	3
827689	1
515333	1
559499	2
302287	2
353173	307
4322947	1
157154	1
326444	5
531374	1
298031	34
622256	136
113397	9
572461	1
348821	13
300102	1
295361	35
366641	92
111211	1
325557	5
198243	14
176860	2
343378	2
347933	1
267743	4
342489	1
112105	5
565338	3
199137	4
296257	1
455746	4
660676	2
175972	2
276656	1
169738	1
708190	110
4403030	105
1113282	259
176868	53
51091	1
192504	290
1098340	1
4299396	1
509101	1
820061	118
525142	2
4414725	769
99414	9
4456702	1
335363	9
309524	96
394270	5
199141	1
278440	69
158057	1
301002	1
536831	2
755126	5
367542	36
198252	27
269532	20
266860	1
4380976	1
267752	3
581384	1
266862	3
694641	11
572476	812
194692	14
429918	1
188457	150
358639	2
348839	1
179549	2
178659	1
185787	1
593965	1
2415144	1
230725	38
1107057	14
271811	2
585949	4
3206355	5
304080	4
4333652	1
1111115	7
4333654	3
4357811	1
318442	4
248053	2
264093	1
327354	2
4295444	8
525156	8
333592	1
353195	14
319337	87
649107	29
301012	34
3293886	37
313992	11
227565	109
563572	1
229348	5
300123	2
813944	2
344288	3
296275	1
565357	2
295384	17
586841	3
347954	3
287366	1
274893	1
588624	1
331411	3
341213	3
332303	4
268658	1
265985	4
299943	1
510505	744
294499	1
292310	4
350127	17
175998	1
593977	10
560505	1
161238	27
271822	19
180944	2
262917	1
352908	22
4394350	2
98542	1
4341683	2
2497335	6
93099	11
4341684	4
2212505	17
542096	4
337167	3
407556	33
336276	5
301022	3
198271	2
354097	2
512695	18
336277	2279
427159	1039
198272	4
325586	1
751584	4
808609	7
166099	47
