3153507	1
833559	2
260140	17
463794	7
311820	2
323403	10
341223	1
275796	2
211039	3
330532	1
402704	1
332317	1
351028	2
271830	15
321628	3
4313073	1
303809	4
380534	6
271835	1
518040	1
352918	1
4476330	3
54794	3
405780	6
157193	7
647343	1
524287	1
326486	2
369354	3
300143	303
228479	71
177792	1
109978	1
536866	8
277588	1
580121	32
786449	1
100567	5
581014	12
214715	31
350149	2
230759	1
344906	3
271846	2
174727	1
1108974	6
175619	1
4302396	2
290559	6
1110253	3
14205	1
336292	8
327383	1
616067	1
318474	18
574290	5
378273	13
327387	6
52624	1
259772	1
813975	1
189384	85
235212	4
447776	21
847934	1
324315	2
899714	840
431235	3
3919792	3
185420	12
233435	4
353820	1
195222	1
276305	1
1139272	5
294126	13
157804	11
344915	10
262944	2
290566	3
167609	4
192557	23
828230	1
1857626	769
4346168	9
754283	1
819328	1
579750	3
343030	1
95503	23
3998909	69
930301	1
211066	2
111274	4
279387	4
4451901	1
563210	1
261063	5
111277	8
531038	44
570341	13
554304	5
258899	1
194340	6
194341	1
277204	3
264731	13
161277	54
831409	39
770920	11
171079	11
192563	1
277208	1
361853	164
264734	29
293247	3
552528	15
158709	1
273648	4
16003	4
16006	1
319383	1
1107703	4
2575786	13
3998912	46
568077	4
349783	2
886264	1
324330	3
515004	75
261070	1
523025	4
348897	5
216524	1
341264	25
522138	13
267411	1
292360	2
188113	176
261076	10
186332	1
187223	1
520358	4
306519	1
277215	2
263850	42
262960	2
330578	1
182771	22
183662	5
361864	2
4338161	3
168517	20
177427	13
310979	1
175646	20
771824	4
270984	7
273657	16
265639	9
329191	1
1066830	7
1673703	4
531052	1
315430	10
111293	2
646499	1
341271	1
341272	1
232570	6
334145	2
189011	1
331472	5
327017	1
349798	11
152381	3
261084	1
196140	1
307416	3
332364	27
346720	4194
308308	25
139019	1
209408	3
334148	6
354741	3
187233	27
344940	1
158722	1
350188	24
683621	1
262970	1
361871	1
720944	7
177435	1
344943	4
328905	3
362765	5
191694	1
270993	4
292377	78
516909	20
174768	2
164967	4
184569	3
4425495	1
1106830	6
27711	1
1108617	2479
827376	8
2885978	6
97315	2
707986	3
511461	1
1060104	1
309206	2
529789	6
213870	2
813614	6
278123	201
178331	15
833216	4
308319	1
186351	4
186352	2
341287	2
863612	44
347624	18
443853	3
356536	1
554338	1
561466	2
192592	1
576712	36
110016	1
661259	46
266546	6
347628	2
173883	67
169428	19
533847	7
186358	90
586517	1
16030	2
353868	1
1111191	5
272788	7
16036	133
4307897	1
4432234	20
77723	1
4432238	1
814510	1
216550	4
235262	3
564140	1
153291	80
332382	19
351094	2
520385	21
511475	2
197052	8
177451	1
556126	32
337834	1
540982	3
268336	14
571277	4
288931	1
3040916	2
353879	1
211706	42
300809	1
2309802	1
3056461	3
318131	3
1042301	5
308332	1
539202	7
573061	1
4420669	1
1092300	1
356550	3
267451	10
313685	4
267452	2
306558	1
369027	1
345862	2
550793	2
573068	1
110034	1
742358	13
562376	4
362793	1
143101	5
588315	3
462585	1305
606927	25
275476	2
187267	1
246965	11
263895	16
241115	1
264787	15
272401	28
16054	3
4468394	4
1106862	4
327050	388
4438999	2
33984	104
2358923	1
4403749	1
349431	2
523078	2
893041	1
268352	2
197072	4
269243	2
346761	1
197074	1
353890	1
4355739	3
840376	2
607825	329
668513	1
277265	5
178364	5
347655	1
189057	3
585652	2
520004	28
534766	1
203700	4
289841	5
211720	6
264795	34
177478	3
353896	3
346769	8
584765	4
331117	1
311515	1826
198963	17
16062	1
273303	2
986708	2
192222	2
162820	1
672978	1
1107761	2
341913	82
172624	8
1105984	44
95570	1179
315485	1
712971	1
626544	1
316378	2
196194	3
439437	2
276386	2
232222	28
578537	1
301722	1
159668	1
151144	3
110059	5
194014	2
272425	2
1106880	46
272428	1
263518	2
343709	1
571905	5
4430497	5
325292	3
557051	1
4333379	4
4430498	2
206790	112
4430499	8
537452	1
348561	17
229069	2
523099	5
444791	1
579431	3
70137	4
197095	1
189076	1116
586562	117
247883	12
41628	3
509838	4
516966	33
298770	5
349459	2
157894	1
310642	1
1082539	1
621700	50
102049	7
364203	1
211743	135
304408	3
262633	13
261744	2
1733364	1
343719	19
164629	1
4004100	2
841290	4
4376255	2
4453773	49
4377149	1
515088	1
539244	20
356590	2
4095596	46
277293	13
579444	1
518758	1
259477	1
313324	1
289875	1
440840	1
321348	1
152058	2
355305	2
290262	1
185126	2
272444	2
192255	2
210867	16
3838014	59
130679	8
342836	1
817241	2
1030770	2
4437746	2
941096	38
229088	12
338781	7
228199	1
217100	8
324020	1
269285	4
4380322	1
4450711	7
332043	1
338786	2
92535	1
240271	2
516987	1
302641	2
3172943	2
316008	2
354420	6
211761	8
355312	5
167311	29
316009	1
177113	3
325910	2
1129180	70
174441	2
232257	2
194043	16
997439	7
433722	33
276016	1
271563	1
761712	17
186028	1
171772	1
272455	1
264437	1
263546	6
194048	9
180684	1
262656	9
198604	15
297506	1
841907	38
4439530	5
582627	1
3409358	8
195934	26
99173	2
297509	2
2315700	5
318194	8
538374	1
922397	1
1112757	12
547287	4
579462	2
1104739	29
338796	1
4390134	4
267110	1
268002	1
100296	5
362450	1
837859	5
312455	8
398597	3
840027	1
552235	3
311566	3
412249	11
870421	398
327704	4
154850	5
730437	92
471157	5
515707	360
276029	1
851715	62
333948	1
334839	5
154859	1
591548	3
4029584	1
1517779	1
195947	43
369090	1
1112762	3
1112763	1
71067	2
214450	18
1110988	50
589277	811
234054	13
307116	13
185150	1
337511	9
326820	3
576400	12
344641	3
186043	1
358007	14
178026	1
260890	20
210895	5
300887	1
466811	1
262673	2
269902	27
3943182	18
586208	2
1135042	2
1134151	2
110706	77
1569569	41
4379961	2467
207332	2
349100	23
805699	5
124470	31
259111	18
232283	2
516611	3
4365209	1
4296701	3
968954	2
112891	218
336632	67
276044	57
268026	3
276046	317
850841	1
851733	1
271593	3
328617	3
342873	19
582652	1
743923	1
336638	2
275159	1
269913	2
277933	202
4378081	6
261799	1
571966	1
270303	2
4349573	4
4356307	2
471180	13
303574	2
354461	2
212694	7
540682	5
304469	1
348227	2
222497	2
334864	4
530885	1
328628	2
345557	10
265367	10
199532	1
265368	1
353577	1
335757	1
2051608	3
175377	19
199534	1
299326	3
273388	1
383971	8
198644	77
111613	1
102704	1
300507	1
350502	13
277946	3
261402	5
1106550	3
160720	3
162504	2
270317	2
3465233	1
1105668	7
4460560	3
4357205	1
290917	7
233191	2
312490	2
95256	16
358030	5
4371463	1
4345624	2
304472	1
4397402	1
703741	3
510295	2
268043	6
314277	7
568410	52
306259	12
323189	1
335762	21
521982	1
4482944	1
535348	1
354476	1
185186	10
336657	42
721569	11
132114	41
264489	1
555945	243
232900	1
819081	12
4459184	10
351405	1
360315	9
1123492	188
340717	4
3439403	21
4217226	168
193807	4
447141	10
304482	5
314284	9
4480176	70
784040	1
178061	1
275180	9
346461	22
178064	23
165591	32
157573	1
353593	4
3270612	1
276077	1
347358	1
575553	4
343794	1
230132	2
320123	3
132122	13
274297	8
211422	4
383992	38
530502	575
377756	7
231028	1
263203	5
113417	23
1107461	1
277967	15
1115481	1
179958	1
1135084	2
260536	2
1108356	2750
173218	62
172329	8
3009852	2
291823	10
4446320	19
1105687	43
372906	1
4421276	19
291828	10
1111522	101
349142	1
3452788	3
307169	1
414089	63
345582	3
834840	2
267175	3
106698	1
712677	9
344695	1
4395648	1
336676	15
397363	23
347369	1
559527	18
179961	6
271230	1
825939	4
395587	3125
289559	1
160750	3
194710	16
192930	1
1016598	2
404292	13
193829	2
305394	60
4336746	1
349153	4
206494	3
518444	2
305396	1
239562	97
535375	1
1110647	4
407963	2
588045	4
851782	1
297580	2
267188	1
304106	2
898217	128
585377	11
520720	1
332720	3
353214	1
301437	5
182142	2
354105	2
198686	6
190162	1
289569	1
189778	3
4316151	1
382721	6
1108377	204
274912	452
1108378	3
186707	1
25695	7
308072	1
1113323	2
1110650	10
2379148	7
258280	21
336691	2
214120	1
336696	8
534498	5
298486	15
216902	111
332732	68
273036	2
234724	3
173245	68
1107493	1
484304	143
186711	5
191068	1
593008	1
351449	2
761408	2
561826	2
4303694	1
518460	1
1114226	2
2366688	2
4301511	1
339373	1
248492	1
349175	6
4376963	2
4372003	6
312140	101
338487	5
288690	1
298491	4
668257	1
268099	20
408877	1
535399	10
4296778	2
345211	1
549756	5
577377	376
321056	1
313037	8
269983	10
132165	2
183053	1
114348	1
342543	1
574302	596
320169	1
589956	3
583213	1
175037	5
270375	152
265029	8
366702	11
344329	8
263248	5
584107	11
193850	1
455805	2
176925	1
192963	2
1844565	1
462939	7
1542014	2
526490	2
49877	3
1105328	34
328693	2
815179	2
846464	1
304131	1
747563	3
797560	6
655793	33
549765	1
2453617	3
265030	2
524313	5
359984	6
343442	1
1904161	2
263252	2
208901	11
223059	7
311269	1
1109293	1
335426	1
524318	2
306914	5
331863	124
271275	4
642922	1
571642	5
270385	7
271277	198
180397	16
278506	11
592139	20
290983	3
294548	1
192976	2
519374	2
45921	1
579174	4
551050	1
327410	1
567595	21
345231	15
107235	16
300582	15
218710	2
530561	3
369797	1
234751	5
270391	6
336325	2
370183	1
214159	6
698676	2
614318	1
434336	90
921813	1
340783	1
434339	1
165257	20
760544	2
157238	2
522549	4
441468	8
278515	2
351478	1
232975	2
2808643	8
314949	2
169815	2
266935	59
383659	12
1111580	4
4327881	49
529180	4
185859	1
4327882	2
4476780	2
2216525	1
888466	4
370190	16
4370257	132
4480841	2
4334618	1
688883	5
4343528	33
253471	1
355045	2
102794	2
248126	2
272184	1
896489	3
174174	3
593043	24
316734	19
268720	2
146554	2
427219	19
349802	1
335447	4
340794	2
315846	4
592156	2
326539	1
272188	2
208927	1
589989	1
183089	5
268725	6
178735	1
260201	1
198339	1
176955	1
269619	4
4307296	3
266948	1
275859	1
529192	26
4306004	4
32471	2
1067143	4
215060	27
206151	1
206154	1
4375710	1
339013	37
326540	1
408513	25
354163	20
317633	1
332780	1
592160	1
99508	1
301498	1
233881	16
333675	2
294570	2
112201	83
327439	155
268733	1
581474	1
197453	4
216958	1
580585	1
262399	7
177855	1
661669	8
188548	5
270015	1
231704	1
275869	6
4328792	1
1106254	16
908873	1
519000	3
4414821	1
827794	2
370809	216
1110312	15
817995	5
338133	4
306950	1
592170	1
313089	15
4020502	1
726712	2
308734	10
279431	12
322991	209
334575	4
421893	71
276761	5
568118	7
276762	8
297256	5
587822	145
186773	5
582379	2
268747	335
301109	8
196578	6
110438	1
184996	21
186779	3
1105376	66
1128644	1
291518	4
193509	4
4416614	1
181927	10
339031	3
304183	3
427241	3
337252	1
522582	3
4442459	7
532384	4
299042	3
114000	2
315873	1
531495	1
278550	53
105498	3
592183	1
113111	8
569017	7
167078	9
333695	11
198363	1
270030	3
275882	167
815828	3
295485	1
295487	1
348948	1
130048	1
350224	10
266976	7
262016	3
133719	3
4306036	66
74480	1
550807	2
174805	10
4401375	6
263907	2
329240	95
4466621	5
899195	12
29937	3
347063	6
338153	3
4298224	7
345282	250
336375	1
344394	7
568135	1
846127	6
513685	10
843454	3
302013	15
298163	1
397065	7
4393568	75
355089	5
528933	45
335488	1
269653	3
278563	87
112234	6
843459	10
352013	3
323501	2
1092725	1
352014	1
341322	3
342213	3
369449	12
358757	64
105109	4
320831	1
196597	1
161343	2
259859	116
1107175	25
550814	31
4306044	5
581109	2
190851	3
175706	1
290647	5
4342680	7
339050	1
4338227	1
4430891	12
854151	1
308760	46
419245	2
4299126	36
306980	3
158183	2
319455	6
458550	18
208972	1
307874	1
564581	5
198380	5
309658	1
4376649	1
199273	47
958505	1
511510	42
334203	1
521313	7
298178	5
259866	2
759816	1
350242	1
331532	1
295100	1
710208	1
782984	130
276798	2
570421	2
401924	2
205904	56
180065	1
580224	1
321735	45
180067	1
270059	1
162249	1
303919	5
194425	2
562408	47
265706	1
272834	5
181953	7
194429	1
1813954	7
274619	3
4416646	3
4417539	144
826541	51
347085	1
2283112	1
527067	12
338175	1
40149	3
844366	1
4430503	37
835456	79
4179748	2
349862	1
258980	1
210262	3
227697	59
254021	6
696563	1
882782	13
146212	1
163142	6
334215	3
196210	1
513307	2
350254	2
250463	1
312833	11
231752	8
276404	5
452823	9
181961	3
182854	1
196219	1
4356062	2
273737	2
165927	50
1105016	53
593709	2
329271	1
25005	1
318580	1
4407747	3
329274	5
3957916	1
4483585	1
309676	1
515498	3
269681	4
743693	16
657266	251
799034	33
1066913	26
307898	7
101572	596
279487	6
258995	1
333333	1
180082	2
331553	1
259888	28
536989	3
169897	12
177512	3
363731	114
185531	19
276414	1
206817	12
332449	1
345913	3
4027191	1
174842	20
233549	1
295128	28
192664	1
542827	1
311959	6
174845	19
4339144	3
329282	1
239291	2
45610	9
577082	11
1110378	68
566391	9
279492	34
335120	1
343140	1
336012	30
270081	1
215731	5
988932	14
180092	3
325326	1
340474	499
367304	2
333348	1
261177	13
350277	51
267514	1
314639	6
276425	111
320876	17
321768	3
4356080	4
191783	2
298803	1
355728	179
173965	11
263957	3
3149595	19
1602314	1
2311550	14
22352	1
1105038	14
517293	47
4296496	2
439880	11
309696	42
4030375	1
1019609	1
349892	1
798164	44
716984	22
300285	1
520462	1
416215	11
327116	1
261183	21
268410	69
196240	2
270094	7
332466	3
295144	1
259504	1
431368	2
352069	6
340486	18
342268	35
313757	14
268416	2
295146	4
259506	5
168625	84
353954	1
183773	1
443945	68
277329	1
192684	4
195358	2
196249	20
4309760	17
1102370	1
2816368	83
388808	2
1777569	3
805099	2
617098	59
2256425	34
523140	18
1107829	3
326231	1
309302	5
164071	1
539688	55
3198316	1
102494	1
333363	1
296041	1
537503	9
357522	2
187341	1
356632	4
354850	663
279115	1
288026	1
272880	4
364653	2
894007	1
258626	5
345944	2
355746	6
792436	2
275557	5
158836	3
390497	15
210908	1
3141094	1
181605	2
1107833	1
2783114	4
228232	8
712047	1
566022	1
843124	11
307536	1
94758	678
587510	3
590085	1
345951	1
275563	1
193591	22
321796	11
311997	1
339718	1
273784	1
277349	2
174885	1
271602	7
847092	2
1098140	1
170926	1
54563	10
318231	9
4335229	1
204088	1
339720	1
514257	4
179343	10
791560	2
368236	1
296065	1
159743	1
561585	1
340111	1
259536	52
578615	2
461795	86
110136	2
175789	1
163800	3
4418496	10
289938	1
180731	38
270722	18
1108745	12
808794	1
1108747	4
180738	1
204093	2
109753	5
4402959	1
348641	1
343196	38
269342	42
348642	9
277364	1
641783	5
195392	1
349537	13
582089	9
160140	1
355776	1
266676	2
347758	7
265786	5
211820	4
276478	158
301812	12
196289	17
310725	6
320526	1
352702	3
270733	1
381219	3
290338	6
4318315	3
580907	1
1896700	11
326271	1
720093	67
1110037	602
334292	1
335183	3
207770	50
1112814	6
346870	7
434089	13
4347829	2
354890	1
325388	1
239951	2
539328	47
275592	13
313400	2
534874	3
276484	23
537548	1
197186	2
525966	1
576853	2
337966	579
330333	9
348659	27
178478	4
166896	6
112931	1
312515	2
360730	1
184314	1
351823	7
590712	1
531808	2
4301298	26
294905	180
4439603	1
4446732	89
392918	29
4446733	24
308463	1
404691	4
4446736	5
319158	2
4446739	11
288075	7
610111	3
259564	1
288076	4
269365	2
268475	1
277388	1
200157	10
847728	4
511216	7
355798	1
210950	5
301833	3
105813	27
578649	6
114725	8
184322	1
343812	1
453405	2
400739	10
271644	1
530926	1
4315660	1
4422580	3
352728	19
530928	2
183439	3
4446740	32
66188	26
309361	5
309363	80
319165	1
416286	1
449353	14
316496	1
315200	3
579541	20
109787	1
306699	1
4398738	1
512114	14
332132	15
249776	2
330353	1
205613	3
320553	3
235017	6
511229	17
193242	2
275216	3
560336	137
160178	16
292145	1
850905	1
196913	3
2897325	19
109792	1
446691	10
2883968	15
359376	8
314320	15
337993	1
521033	2
269386	11
323231	202
910500	1
306306	4
567974	2
363430	2
443620	53
292152	1
522921	2
157611	14
274335	3
264534	5
231469	1
272555	1
450755	1
264536	5
164744	10
372348	33
262756	1
4307661	27
4443094	2
3576174	2
662917	20
296717	5
287808	2
1062061	3
309382	3
4465473	3
833390	1
2979308	2
1106614	7
4315688	9
30067	2
4455677	1237
259590	3
519763	8
308498	1
1140477	2
588471	8
315220	18
110192	4
312550	1
315223	1
306315	1
110196	3
195040	1
336710	6
177222	34
194151	7
463233	4
222566	1
442743	2
1646171	3
327805	1
593422	2
178117	13
270782	1
166535	2
191483	72
198711	1
4425280	2
176337	3
301869	16
337609	1
564914	3
183467	7
193268	3
270786	1
4335293	2
172777	288
296726	1
197825	4
350979	2
47100	1
3449666	3
816470	4
4402610	1
518881	3
339791	2
325036	1
305434	4
301870	6
267220	8
333055	1
178121	3
552342	1
364341	1
354540	1
153075	2
347413	1
292171	81
348304	445
322367	37
203865	19
301876	1
263662	194
342962	19
343853	125
191493	2
584524	7
337619	1
278912	5
387615	1
175458	5
583635	4
193279	120
361679	1
182588	1
190207	6
1122673	2
3163165	1
1043378	6
306330	1
4303724	1
102192	12
1077336	1
518894	50
316132	14
2851419	1
177240	1
569786	1
300990	7
321484	1
195061	14
324157	9
510377	3
268125	2
146950	9
356336	17
269019	4
328717	1
4393926	1
261892	7
273476	1
577406	4
276149	32
531867	1
298526	1
4369272	1
1108422	1
278928	2092
1105751	6
1046054	3
190219	1
4404413	16
1000113	1
4311751	2
205661	1
341094	1
321493	2
158540	5
366143	7
326940	6
411486	5
584541	4
537219	11
337636	1
564941	1
276158	1
178148	3
461487	7
319818	1
318928	1
184387	16
183496	110
298535	5
4308591	17
583656	1
351898	2
289627	5
164788	4
352789	7
110824	3
189838	1
172403	1
1106654	8
4358599	363
291906	1
4471351	3
2740953	2
4466006	1
317045	1
4371562	5
308136	2
413275	5795
333085	17
178151	1
571083	1
454363	1
305467	1
804526	1
144196	1
527425	56
532771	1
303686	1
348336	1
167463	2
1925094	2
354574	30
273494	4
356357	5
264585	1
175485	2
300611	1
355468	1
397444	6
155884	8
177269	1
336759	66
180430	1
261511	2
110836	1
295879	1
45363	23
350619	27
45365	6
2066374	22
700181	1
4413347	1
4384044	5
4357315	2
304580	8
207462	1
552380	2
356360	3
347451	1
333096	1
989579	1
515853	1
268155	1
339435	7
323299	2
319834	1
277066	163
265483	7
349238	1
344783	1
275286	1
100045	4
311312	1
322004	38
259249	14
463289	35
320224	10
273100	2
158569	1
380021	3
662974	1
181331	2
272213	5
321119	7
170640	1
370225	19
271325	1
332805	5
188969	13
1035392	12
390820	4
4414241	52
341717	1
520808	2
97151	1
3973322	2
513080	4
209251	1
3970651	6
2198356	5
325085	39
259251	1
526552	1
215495	19
4468805	5
178173	8
403497	4
349246	6
225298	1
518538	1
604966	2
179069	1
369843	1
198774	186
342612	62
341724	1
287879	8
294606	1
162639	21
373909	2
305494	9
277081	4
543491	34
637049	1
848315	1
168383	7
4483963	9
259266	1
355494	1
228972	4
157693	1
269068	7
365297	7
287880	1
2061549	3
514988	78
336789	1
2550809	5
111753	2
334602	2
270451	1
1108470	4
583699	1
166206	1
198788	299
274018	1
351536	16
520827	76
1107586	9
190268	78
180468	1
561916	1
171559	97
185915	1
580629	211
4412487	1
291949	2
4343981	1039
1110752	3
277090	2
2865835	13
259271	2
2438948	2
766351	45
158591	20
326991	1
579244	1
348376	2
229874	3
320250	64
813479	12
410242	321
288780	3
328777	23
574793	1
258389	18
113542	5
301544	1
353322	6
977628	3
567669	1
340850	1
332831	2
264225	1
301548	4
230268	1
513706	1
192055	8
260663	3
541328	1
182255	1
161762	3
110876	13
263337	4
333726	1
276802	2
197504	2
1127197	67
4309135	1
275913	1
373923	4
4309137	2
1106302	32
308182	1
373928	319
194839	2
109491	9
4344883	1
527473	1
307299	1
327891	1
783291	2
529258	7
328785	1
469663	5
4342704	3
586387	19
111771	2
312247	1
520840	44
324820	4
541334	11
260670	4
162660	9
354225	4
199698	1
352445	1
166226	9
353336	2
364029	43
177910	1
198404	1
145737	2
287506	5
287507	1
197517	6
295527	3
260679	7
373939	1
4346677	11
269093	332
4478646	1
838544	3
348398	1
4430922	3
356011	171
799443	8
551141	1
345322	1
192070	4
322059	3
610842	444
176034	10
304239	5
711526	5
296420	63
272265	2
158217	3
325726	2
157327	7
178811	3
652823	4
325728	4
296424	1
192079	2
571744	33
199307	1
4448250	2
278609	26
4315396	6
194858	1
1021682	6
4387771	2
538185	3
719058	6
589071	97
4346687	28
46910	2
2265722	3
1028915	4
519478	48
589076	1
232072	4
311371	2
508788	120
345330	1
579278	36
343551	1
308802	14
332860	1
263362	1
541354	2
345335	1
312269	2
273164	1
333753	1
301578	2
175155	13
326626	12
135952	214
831922	57
162684	6
342666	28
289306	2
135956	4
324849	2
197537	9
4348472	2
277729	7
194868	1
381979	81
4367187	18
1100992	1
28109	1
24546	2
510070	7
310490	1
588197	2
346231	1
444241	4
300691	41
317720	10
273170	3
300694	1
289310	1
211595	3
261590	9
354256	1
337327	3
131001	4
187741	4
484444	1
333768	2
546816	2
385545	775
111404	1
511969	2
396239	88
291994	4
390896	19
193987	1
1105454	375
4314126	1
769075	3
1921816	1
4035247	2
798581	13
2199910	1
176060	3
716006	80
4058515	8
401384	20
888575	2
322087	2
263380	1
328424	1
273182	1
348027	7
354265	1
517318	1
168047	6
300300	21
547714	29
538805	15
155577	5
324867	3
178843	1
374863	1
350300	1
295564	6
270111	1
350301	8
366846	2
875709	3
181016	2
261208	137
261209	7
192701	1
191811	1
182906	11
191816	5
208042	2
988375	5
309720	3
319521	2
1089636	2
356052	176
346253	4
568211	1
525344	5
356055	5
229533	3
437137	258
681370	1130
4390972	12
348038	8
4226929	12
167166	6
578016	35
566434	1
275970	4
352497	3
279534	1
178852	2
196672	3
262101	14
832848	112
271013	2
994219	1
112316	5
2858770	1
286668	1
349929	4
350314	7
188659	1
161423	34
170335	4
1106364	4
29029	4
42395	3
193609	2
313191	1
4468897	1
3890155	1
1094991	2
444271	1
338242	1
569110	9
339133	78
515552	1
265182	19
558420	60
326662	27
353392	12
541394	2
521792	43
548621	8
304289	2
346267	22
347159	3
157376	60
344488	1
439924	6
264298	116
302105	2
199354	8
344489	2
396266	8
315978	1
180141	1
321811	1
203209	3
275987	2
230933	2
580305	1
3799784	1
132929	63
4373062	1
190946	2
830080	15
207174	1
4334755	58
305187	2
356073	31
4388316	2
325780	4
1111328	15
4341886	1
517347	1
339148	1
826624	11
114111	1
338258	166
355187	17
324894	259
245595	46
325786	12
334697	1
523589	20
229559	1
522699	2
211234	5
334699	1
538837	5
180150	1
313800	1
287576	1
619919	44
268865	2
278667	1
358858	1
196697	2
270145	6
214904	9
321825	9
291630	2
2877100	1
240746	2
322719	1
185604	8
191842	2
561607	5
1016398	1
806030	4
291637	70
183827	1
3682570	1
1682176	5
4329416	6
191849	2
4449803	22
216097	9
4425648	2
827522	4
339156	3
327573	1
772282	38
107398	16
525377	4
337379	1
317779	1
353012	11
278675	11
351231	62
276894	12
111455	9
537959	83
233623	1
323614	1
344108	1
620319	34
313816	2
791998	1
340547	259
270158	32
350349	2
294315	1
181059	16
214919	727
354905	20
1584173	15
306091	6
354908	1
2901965	7
192747	11
272938	64
192749	24
608244	6
338273	2
743781	1
347188	9
1046408	4
287592	1
189582	2
565585	2
388276	2
995147	1
204126	2
269775	1
545986	1
289379	1
279579	1
344117	4
612308	32
532118	1
333426	1
572313	1
354911	1
251456	380
187404	1
341448	1
274722	3
354914	8
275616	4
462727	3
290764	30
276509	7
1111350	47
1106006	36
290769	6
99661	1
4359831	44
4359832	2
4346368	2
577170	76
327592	1
4359834	1
557570	39
559353	1
828435	8
348088	4
4090250	1
1051764	2
576285	1
279582	20
834677	7
823986	5
216710	2
557578	1
512522	12
85903	9
270171	1
306704	1
4481506	1
277400	6
172163	2
775976	1
553611	2
582123	2
531238	3
196322	5
276513	4
271068	2
325419	144
350367	7
331659	230
266715	5
272953	2
355817	1
158906	1
275627	127
4306177	2
4306178	10
182967	1
528071	5
519162	2
4379449	82
524111	2
798253	3
533022	4
104352	5
210383	2
129401	2
44827	1279
337004	11
510750	1
4172237	1
112374	5
165046	2
330772	52
263057	1
347801	1
262166	9
276522	1
275631	2
207816	2
307608	6
267612	5
355822	2
248902	3
264940	65
260387	1
273852	2
198118	1
184753	3
4329450	62
266726	1
592933	1
730939	39
191884	11
192777	1
174958	22
2653002	2
749151	125
2224336	2
302160	1
667184	20
4476578	1
2851803	1
112382	3
729559	1
548686	2
316521	2
262173	1
113278	1
269401	1
306728	29
321875	4
260397	117
194563	23
590168	1
196346	1
259609	1
362965	3
355837	5
1015154	25
4457872	12
976470	58
4387488	1
1115946	1
107044	4
352171	1
325442	1
4325509	3
760350	1
395040	43
344154	73
263074	1
343264	3
513445	32
4056429	22
423455	3
4365707	2
189222	6
314755	2
336139	1
465433	18
185660	1
138338	1
276542	2
356733	2
316539	160
216747	1
323668	2
293473	3
297038	1
341489	2
288128	1
462764	8
269418	18
186555	1
374557	430
258728	3
399606	561
354957	20
550979	1
174978	7
576919	8
1136443	37
204171	59
4296211	1
228330	5
303076	28
1068836	16
4296216	105
351292	4
831641	3
316544	1
4296217	3
334365	1
4296218	8
822733	1
277442	1
259623	5
297045	3
110221	10
617806	1
199036	2
637409	1
332588	5
259625	13
3090117	3
313878	1
356745	2
288138	1
364765	2
1106050	1
381694	107
338926	9
178546	1
195476	1
268538	51
697208	7
320603	10
162005	8
576926	1
264978	22
4418586	1
4447099	1
230618	10
1109724	108
271705	7
828483	6
827592	2
1107945	297
1077751	3
4331760	7
4305923	63
1124877	10
318332	42
345063	3
352192	1
646321	1
826303	15
647215	7
335267	2
111120	2
289035	2
276561	23
555445	2
326359	3
449417	1
354971	2
315669	10
368338	2
584951	9
231510	31
534957	5
579608	41
363887	3
362997	1
290420	22
3910241	1
330418	1
4443143	1
15368	1
1726408	9
262809	1
801260	3
3016478	2
190638	12
190639	1
329032	6
3325758	4
328143	4
10512	87
4357712	1
514363	1
521491	55
4470870	75
532187	4
353096	1
294390	1
356760	14
197273	1
297065	9
950169	3
339834	5
578722	1
832558	2
527837	5
196385	4
276575	4
179457	10
185695	1
339838	20
640998	1
354987	1
293101	1
298954	2
569818	6
640999	113
399637	14
430219	1
321517	344
232417	725
273504	1
263705	1
3325760	1
113919	1181
183517	2
351916	5
3007575	11
4449897	1
272619	1
2835813	407
190649	2
4298022	2
1110135	2
1698008	1
318351	1
3325767	1
309441	13
575062	1
517048	3
797021	1
949789	1
198170	3
199061	5
566154	1
276580	3
110250	5
359445	15
536754	6
325489	6
306778	4
833458	6
208769	3
215897	18
295296	5
3251419	1
772972	3
342014	4
233313	5
569826	1
562599	389
214603	23
352812	1
290442	5
274406	2
192437	1
361727	2
261935	40
271737	58
1111033	617
190658	2
191549	9
1021043	13
3029968	1
860192	2
228374	11
822770	28
563490	12
887025	92
428953	2
342022	128
297087	27
527857	1
299860	2
510422	8
333114	1
953855	1
341134	1
571111	295
276597	26
311732	8
382220	54
298973	1
314406	17
561312	1
660214	1
353711	2
461524	1419
311737	6
344804	1
220856	2
142448	1
193336	1
191558	2
174629	6
352829	6
4417335	26
337083	1
326391	2
415491	2
327284	1
807632	1
198190	19
4453977	5
659831	2
528756	4
103145	2
572010	6
585881	2
313521	60
376397	59
112057	7
576972	11
310850	2
313524	1
857639	1
303724	1
299875	1
4390319	1
324219	1
354612	171
274422	65
355503	5
375106	94
270860	1
343923	3
441934	232
190673	2
4304085	3
245916	7
592616	5
270866	28
36892	1
4304089	1
181768	19
271759	12
172859	10
4335376	23
329073	10
4235585	23
228391	2
3013444	25
1136109	6
288193	60
515299	20
258791	3
210073	3
3412718	24
518967	2
268596	4
547479	2
288198	2
231563	1
580044	1
291360	1
265522	5
177313	12
267305	1
356405	15
346604	1
265524	2
303739	1
356407	3
170089	58
175535	1
263744	1
274438	6
353737	9
193358	1
256619	2
581933	2
166629	1
4379141	1
182668	1
191579	2
1109788	6
829032	16
4315785	1
2334610	1
1026524	1
318396	1
2590430	1
308598	2
459276	40
519864	2
4452700	1
4390330	7
51657	2
279298	6
327900	4
292260	4
188013	6
336810	2
186233	1
258404	2
357305	49
208409	4
195143	5
152278	32
247715	42
193364	1
199701	41
544419	13
199702	2
442846	6
275339	21
793109	12
351967	2
197924	11
295935	2
189907	1
527891	1
528782	24
548385	2
334040	9
210095	1
215540	33
334044	45
589475	3
60579	1
277120	22
50779	1
4362724	1
514028	1
206633	2
564026	1
187133	1
193370	1
312665	23
348404	18
155951	1
266435	2
276236	67
183572	9
351972	6
288810	3
665703	464
351975	1
264657	1
1110191	27
199716	965
592649	9
826382	2
519880	7
519882	1
67813	1
3980515	2
207532	8
4340358	13
268220	4
258421	69
339503	1
814406	3
359105	139
336830	1
109527	4
329703	2
551562	5
564037	1
105964	71
571165	2
337724	373
234269	1
780650	17
552456	1
189920	2
592652	5
192494	38
337727	6
347529	16
293178	4
289714	7
346639	3
298624	1
337729	2
560479	3
192496	3
290100	1
344858	1
229919	5
583746	6
271799	6
4426298	19
4426299	77
198839	4
4308688	1
171607	47
1088134	1
1112984	3
3277423	1
522063	3
317135	4
342083	2
723530	2
2127939	9
553352	4
329712	1
178242	2
686211	257
277143	3058
368025	11
269125	3
333178	25
543553	8
335952	2
577512	13
631764	16
265563	5
336844	5
173792	1
571178	157
328827	4
273586	1
567715	3
151013	2
271403	2
1109422	3
289729	2
110924	18
270513	2
1105860	18413
191216	2
4412541	206
270519	1
3785400	4
2137746	2
4295035	1
422283	13
276260	1
406247	88
517722	86
1098946	2
616624	30
214684	6
188054	1
176472	1
356454	986
345763	1
353782	13
1906483	1
310510	1
353784	8
634449	8
588216	2
179149	1
335965	2
335966	1
295970	1
335967	1
797704	183
459917	3
389529	1
295974	10
1055082	1
193006	1
295978	1
351607	15
271418	3
340917	1
4429986	51
4303850	13
828198	5
514061	5
292906	5
514063	1
4303855	1
708401	33
634450	1
1032415	2
333195	1
339532	1
428632	799
308249	1
347553	5
527536	3
234298	113
338644	2
264693	2
179157	18
214699	13
331014	1
267368	19
266478	5
100148	1
312306	1
835928	2
198865	59
110945	25
470117	48
1126373	2
340923	2
292910	1
4326132	1
4319005	72
228061	44
806422	1
548032	2
194909	17
609513	23
334096	2
329741	1
337760	1
187181	1
628226	5
4297831	1
1582779	1
269156	10
322112	1
259357	5
784256	1
335984	18
189960	12
339549	22
197980	12
229958	1
289754	1
1749791	1
299556	13
322118	2
185004	2
575768	2
341823	1
197988	1
180555	1
591405	867
4441084	4
809100	2
581609	1
1625449	1
97263	202
4336940	2
528441	2
416078	1
216495	27
538247	106
367176	3
208479	54
524884	1
277186	1
2233608	195
312322	1
328866	3
409947	36
266497	2
212532	11
197991	1
313216	3
343611	10
273223	4
191251	4
274115	9
272334	20
156505	16
334705	3
190365	1
512907	8
272338	273
4127460	2
271449	9
1105502	1
4315468	6
326095	1
4479612	1
2875735	3
209377	2
259372	13
1111745	1
349365	1
314110	12
269176	13
72820	6
339566	1
331043	1
289771	16
310551	1
215214	3
297792	1
178299	2
320354	1
289774	2
311445	1
221454	45
183241	1
344512	1
273232	279
648849	1
297796	1
520931	1
1952	2
287998	8
251854	39
174337	120
185029	7
4315471	1
187807	2
4444771	2
318086	1
349372	3
338681	1
783390	1
417981	2
569552	2
278098	4
106522	2
165430	2
312347	1
182361	1
190380	4
344523	7
340960	1
270571	14
344525	1
372146	43
189997	1
185036	14
262554	9
273246	126
110986	3
344527	11
564704	1
180585	1
590544	6
590547	1
188706	107
287608	3
194944	1
4449236	106
4465275	5
1106419	1
319981	1
368097	7
43339	1
215231	1
616688	2
233052	2
411254	13
796871	8
320373	4
100198	2
112771	1
337403	15
423830	7
345422	2
530751	1
336513	3
420168	8
303448	1
191281	54
263452	2
566899	10
190392	273
165445	23
333846	108
191287	1
575407	40
261677	9
196733	5
294748	1
292967	1
2768843	6
329790	8
509773	1
4299664	2
728069	6
839545	2
319996	1
224155	1
335632	1
264352	1
174361	77
259006	73
345434	1
353453	6
732128	110
234951	1
271482	2
289402	1
103876	1
301678	97
236734	28
268910	6
177039	1
278712	1
621649	38
174368	1
2855173	1
4449250	1
179814	4
296535	2
1656781	4
161899	1
323061	1
357020	1
518699	14
839558	18
107443	3
311482	2
291090	40
380190	37
517405	1
271490	2
114575	6
176154	1
112795	1
355246	2
357028	5
335644	2
184174	31
351682	4
561067	2
1992	13
369602	5
572751	2
851634	1
554931	1
309809	1
582555	1
414949	1
197644	10
270200	45
297437	4
188735	1
359809	258
1133172	1
2311075	2
4439469	1
1141199	1
4398585	10
758482	4
814112	1
609589	12
4398588	9
4401548	470
191908	18
313274	4
267041	28
216155	4
209028	1
267042	1
228730	3
356144	4
446135	33
325850	5
334761	1
168145	2
545038	203
400599	43
157455	4
278731	3
188741	2
592365	1
277842	2
342787	2
260410	5
179838	1
350404	1
784927	1
271106	205
3154070	25
1109127	7
1523543	13
1016468	7
209031	1
192807	2
305261	21
16649	1
838685	2
4432841	2428
4094263	1
436341	1
4364237	5
4333943	9
553063	1
319621	38
766113	2
4377704	3
357046	2
328536	1
433676	1
145883	1
343686	1
364179	3
533469	2
146776	1
336559	228
269833	777
567427	4
557627	5
590595	9
876705	5
272004	4
383885	2
171322	35
196777	3
152612	6
190035	4
382998	22
180235	6
1106468	101
4365130	6
291715	3
193705	59
4374042	1
3117556	21
4364242	8
4403349	9
303491	13
4374046	3
214392	4
3486634	2
913036	1
811462	1
349036	3
586141	24
356164	31
516544	15
4376828	167
238558	4
324985	1
278753	6
157479	1
200634	6
289449	1
342403	104
174004	4
342404	3
278758	1
261325	3
332608	7
273902	3
291722	1
290833	1
590209	3
184805	1
4322275	1
716131	2
259051	4
216184	3
533480	1
305288	17
888300	2
346374	1
4474844	72
337465	21
326774	2
830189	9
258169	1
449833	4
533488	259
272020	52
187882	1
272021	2
301325	3
589822	1
178972	4
268964	1
182033	7
276985	6
340631	4
323702	218
546958	2
279659	2
650800	1
165107	1
1105591	2
164216	1
293511	1
360238	109
261337	3
3449122	1
313908	19
390633	9
232828	3
4413164	36
4405146	13
191945	2
356180	4
207284	4
543291	13
509433	34
355291	74
327672	1
318764	3
356187	2
772384	3
578147	1
266198	4
268971	1
263120	1
110660	2
312027	1
289467	7
352222	16
452014	13
264014	4
310247	168
1108270	17
343313	2
189677	2
190063	2
276996	4
182044	79
154424	389
160661	1
521516	1
260454	5
371930	1
4426641	2
194628	1
4388430	3
4402489	15
4321001	142
4357147	31
217096	1
356192	46
4309927	23
519246	3
319662	5
338374	12
1111448	22
158393	1
288581	42
228785	15
548753	4
613697	4
189681	1
287691	2
228787	1
513500	5
269873	1
158399	6
772398	1
182052	1
325503	11
343326	1
231952	4
3529330	1001
4316063	1
4306262	62
265912	2
185722	3
175922	1
177704	3
292643	105
322839	1
355905	2
1106101	80
3528445	32
4316067	15
4455163	1
1737536	5
537070	1
807046	26
309873	3
299281	1
4310326	311
214031	12
359872	414
213147	54
513513	3
164242	2
514405	4
541135	4
245324	9
352244	1
582222	2
198201	5
181174	3
351357	1
262258	32
462832	4
342449	30
186623	28
970805	2
266816	1
1845355	8
266817	1
17598	1
2024840	4
319681	20
21652	16
389282	4
338396	3
1085832	29
548775	111
299295	23
710432	3
147321	7
157122	1
522433	1
302257	1
331760	4
198210	1
345126	49
321960	17
662422	9
276620	1
174056	3
226626	4
370077	26
277512	226
323746	1
197324	2
323747	2
195543	83
1629740	6
2985051	4
196436	1
466409	138
347908	1
1105232	1
1530340	4
2645488	1
1107018	74
1113256	16
759053	2
48899	1478
517495	2
568383	5
577294	18
4341633	7
361170	117
304047	13
310284	1
584020	322
272072	4
343353	1
340680	22
105358	2
851323	16
317515	21
263165	1
331772	7
269501	5
370086	1
563532	2
197331	4
583134	2
576007	6
265940	1
194660	1
171396	3
279306	1
231985	1
183970	1
365735	1
275746	14
100506	2
585914	12
191994	3
273967	3
43051	1
1107027	8
1041094	7
1579962	1
2134452	1
99793	2
837473	1
657491	13
205155	1
328212	2
559488	1
354054	4
558599	44
322870	3
4384516	2
4390754	1
331782	1
288223	300
321983	3
194670	4
172296	15
366633	3
266841	4
197344	1
357724	1
196453	10
560873	1
339905	1
189327	1
194673	1
277537	2
453955	16
193784	2
267739	1
2334040	3
175967	1
519290	1092
1924689	2
1112389	38
49406	4
312082	1
301392	1
818777	1
436032	1
534042	18
353173	538
531374	2
157154	4
622256	18
295361	3
300102	1
348821	5
345158	2
297143	5
366641	3
325557	25
4392549	1
343378	1
342489	4
199137	2
175972	4
169738	1
708190	13
4403030	5
1113282	188
51091	1
192504	10
4371060	1
4320175	1
4299398	10
820061	81
525142	5
304075	4
99414	16
4414725	12
4456702	8
309524	8
394270	9
278440	3
244484	1
755126	3
97639	17
367542	1
269532	10
179542	1
539506	2
199145	1
276663	16
555547	4
572476	22
199149	1
188457	115
348839	30
593965	1
273997	3
230725	3
3206355	1
183604	1
1111115	5
4333654	6
4357811	4
549310	1
318442	10
21306	1
4295444	2
525156	12
333592	1
344284	3
279340	18
319337	108
301012	1
227565	61
3293886	29
313992	23
649107	1
858999	6
344288	1
565357	5
295384	65
315779	1
588624	1
274893	2
510505	172
267769	7
350127	2
320725	3
161238	4
321619	1
4408503	1
352908	2
183619	2
4394350	2
93099	13
2212505	4
2398439	5
556452	1
407556	20
336276	2
512695	1
305983	4
427159	44
301022	4
336277	20
325586	3
751584	23
808609	1
166099	5
