323400	1
277574	2
833559	2
341221	1
216888	5
260140	99
463794	74
593980	1
233411	1
313602	1
341223	1
323403	63
211039	9
222721	2
402704	1
143423	2
581003	1
332317	11
134517	1
271830	26
1611482	5
321628	17
4313073	1
312719	2
303809	2
380534	13
263815	2
183626	5
271835	12
352918	1
518040	3
4476330	1
54794	11
405780	105
157193	1
4300206	1
647343	6
584083	7
326486	3
300143	58
110361	1
228479	131
109978	2
530123	3
187594	1
536866	37
587753	1
580121	2
510524	1
266896	3
277588	7
786449	4
100567	2
267789	1
322525	3
581014	19
214715	49
550727	1
344906	3
230759	4
114929	1
262935	1
1109864	22
174727	2
271846	14
1108974	46
1111142	8
4302396	8
290559	8
1110253	3
318470	1
4387246	1
816642	2
574290	2
318474	27
509149	9
515387	1
199182	1
327387	10
378273	68
52624	2
2066505	4
306896	2
259772	9
4410804	1
189384	87
289177	39
348875	2
847934	2
447776	210
350153	4
111267	1
431235	8
899714	242
3919792	6
233435	2
185420	97
578857	3
353820	1
135426	1
293232	1
1139272	1
157802	6
276305	19
272742	1
294126	6
363625	1
157804	57
344915	13
290566	5
167609	4
192557	39
174738	2
828230	3
1857626	211
4346168	2
328283	1
565390	1
189392	2
343030	1
579750	8
95503	2
1131759	1
269585	4
3998909	7
111274	2
211066	1
930301	2
324322	1
279387	13
341252	8
111277	4
324326	2
554303	1
531038	2
570341	25
330564	1
295023	1
554304	2
194340	4
276312	5
277204	3
194341	4
330566	1
264731	127
161277	15
175633	1
355615	23
171079	27
770920	10
831409	43
264734	58
277208	17
361853	45
552528	8
182764	1
193458	1
273648	10
158709	2
16002	3
16003	10
4335484	2
296918	8
198909	1
1107703	33
2575786	1
557381	2
3998912	325
301062	1
2120775	11
701221	4
568077	4
349783	6
111282	1
324330	2
515004	22
317205	1
1040889	1
348897	5
19080	1
216524	3
523028	1
341264	12
522138	14
267411	5
571242	22
292360	1
351067	1
187222	3
261076	4
188113	263
730733	3
520358	26
263850	114
262960	1
182771	1
310978	1
361864	3
354736	1
258508	2
4338161	1
168517	8
363646	32
177427	12
290585	1
175646	35
270984	12
273657	58
2380160	2
4314603	4
759751	1
1673703	5
316321	1
578880	1
315430	5
4332428	1
646499	52
112186	2
322562	1
334145	1
519979	1
4353913	7
327017	5
349798	12
331472	3
152381	11
189011	7
307416	1
196140	3
332364	171
346720	1402
209408	1
334148	2
187233	16
155059	3
587799	2
312766	1
350188	77
184562	1
350189	1
720944	5
328905	1
570367	8
1849631	1
191694	1
356529	1
516909	14
270993	5
292377	47
337819	1
184569	1
586509	2
164967	22
16026	3
1106830	11
1108617	908
827376	22
2066542	27
335040	1
307420	2
707986	80
529789	250
325244	6
324354	1
144372	3
349401	2
323463	2
350193	1
813614	7
833216	2
278123	163
3096648	2
186351	3
189024	1
193480	3
341287	4
186352	7
863612	3
347624	7
303866	1
304757	23
295055	1
194373	1
443853	19
561466	3
356536	2
524935	1
192592	8
576712	24
554338	9
266546	1
264764	10
188138	3
110016	17
661259	69
347628	1
299613	2
329808	2
533847	11
173883	44
169428	35
297831	8
311889	12
186358	108
16030	1
183686	4
272787	4
274569	4
1111191	39
272788	3
16036	24
4307897	1
609982	1
97321	1
4432234	14
523051	2
4070490	1
2424737	8
4432238	1
825201	1
216550	1
333272	1
564140	6
235262	11
4381553	3
315453	1
332382	20
153291	128
2663629	1
521275	4
520385	14
511475	4
521277	1
552561	1
197052	10
177451	1
556126	40
322585	3
279026	6
661266	20
365455	1
540982	35
268336	92
571277	1
302988	1
581079	3
184584	4
562369	1
3040916	19
273686	3
274577	1
194388	1
211706	17
2309802	1
290219	1
3056461	5
171718	2
849770	1
308332	6
523064	3
539202	11
1092300	2
4420669	1
327049	1
249631	4
267451	1
313685	1
267452	5
345860	3
259434	1
306558	1
358336	1
345862	8
720973	8
213896	2
562376	5
110034	4
174791	3
550793	3
742358	23
462585	2125
588315	58
606927	16
187267	1
102017	1
275476	4
178358	2
246965	18
263895	16
264787	18
272401	16
4468391	37
16054	1
1127353	1
4468394	2
192217	1
1106862	10
4326225	1
327050	530
96451	54
335071	1
316360	1
33984	56
2358923	7
4403749	1
4462654	4
305673	3
105099	4
349431	11
893041	2
523078	1
459025	2
916108	2
269243	6
358343	3
268352	16
197072	9
187272	2
197074	2
840376	2
4355739	1
607825	325
668513	4
178364	6
277265	16
275483	24
589215	1
347655	9
189057	13
585652	3
520004	58
289841	8
110046	1
203700	17
211720	9
264795	149
353896	9
346769	131
584765	11
263500	2
198963	3
311515	574
331117	61
352601	4
243900	1
273303	1
162820	2
1107761	5
341913	72
290235	7
172624	2
1105981	11
1105984	66
95570	20
4410881	17
33994	1
293908	1
4435934	4
548133	1
753064	1
315485	5
813654	2
196191	2
189064	1
316378	4
158771	1
304796	1
266583	4
196194	5
279059	5
276386	30
344994	1
159668	1
323106	1
203713	1
567846	1
2061739	2
110059	18
297875	1
551305	6
155701	5
223318	2
194014	4
352612	1
1109552	3
1106880	7
591503	5
293910	2
352617	13
174418	1
263518	2
571905	2
47365	2
1109559	1
326180	12
316381	12
208571	3
4430497	211
4333379	2
206790	152
4430498	3
4349517	1
4430499	9
348561	28
523099	37
229069	11
579431	10
70137	5
189076	1028
216599	5
4397737	4
247883	10
586562	71
321331	1
329856	1
41628	23
188187	14
516966	191
298770	18
509838	5
322223	41
157894	3
197099	1
240252	4
1082539	1
102049	39
273320	2
211743	141
130663	1
290251	1
262631	11
289867	1
290253	7
302629	8
262633	34
351734	8
4327141	2
344607	1
15196	2
1106892	4
196802	1
343719	3
4004100	1
539240	1
841290	13
2374993	2
4453773	757
95597	1
4377149	2
515088	2
209475	1
539244	99
327088	1
356590	48
4095596	11
277293	22
589244	1
337884	1
579444	1
259477	6
276000	1
739826	4
133341	14
302631	2
169488	1
213533	1
310653	1
304416	14
330256	1
792399	9
531722	1
440840	9
321348	2
355305	109
297897	33
272444	3
185126	11
263535	1
192255	38
210867	35
3838014	13
521927	2
130679	6
4369131	4
196815	2
817241	2
548161	1
1030770	2
4437746	1
189091	1
941096	117
229088	11
324020	1
697063	2
228199	36
217100	64
579452	4
269285	1
863682	17
4380322	1
4450711	10
332043	2
577674	1
302641	3
240271	5
321353	2
3172943	6
211761	12
354420	33
316009	1
167311	19
217109	1
325910	4
177113	3
1129180	105
232257	1
194043	9
174441	13
433722	56
997439	63
175333	1
158404	9
192263	1
761712	2
851704	1
262654	2
341953	1
171772	1
361556	3
263546	9
262656	3
180684	2
3851391	2
198604	22
325918	16
841907	3
4439530	1
582627	6
195934	26
196825	6
1108699	7
818144	5
318194	15
2315700	4
635495	1
1112757	8
579462	1
547287	4
526794	2
1104739	111
322250	3
4412309	1
4390134	3
100296	7
311563	1
275131	6
312455	5
258204	1
840027	2
398597	3
412249	1
365125	1
552235	8
870421	369
343742	1
352652	3
327704	3
154850	9
730437	16
471157	5
515707	228
275138	1
851715	537
1736067	3
271577	3
195941	1
262668	10
1517774	1
334839	2
298408	22
154859	17
591548	16
179907	1
1517779	4
4466275	2
4348664	1
97000	1
1112762	8
102084	1
4379957	3
1110988	199
214450	322
4401628	5
234054	1
323154	4
589277	622
307116	42
232273	2
323155	4
185150	1
210890	2
320483	1
512048	1
337511	15
312464	38
920226	1
326820	1
344641	1
576400	43
358007	137
178026	7
356226	21
210895	3
260890	60
300887	1
466811	11
530866	1
3943182	15
269902	105
271585	4
594227	6
586208	3
161993	6
277922	5
264459	2
262677	6
1127021	3
295748	1
110706	20
1569569	39
3893397	4
4379961	16920
659671	1
528596	15
4374114	1
349100	2
805699	20
259110	1
124470	26
320490	3
259111	83
316037	1
516611	36
4296701	13
112891	209
276044	24
336632	18
268026	4
355344	2
319704	40
523744	2
212686	3
276046	2428
850841	1
271592	1
328617	4
271593	4
342873	13
851733	34
743923	2
547903	4
582652	7
157546	29
275159	1
523749	1
547906	4
277933	12
295754	33
4378081	10
2034070	2
571966	1
261799	2
190112	1
153989	1
270303	2
4349573	6
3605008	3
2316624	2
539296	4
3563235	2
322282	1
471180	62
544243	4
354461	1
212694	3
194082	4
531773	1
348227	2
266255	12
522863	2
347337	1
334864	1
309916	4
189730	18
662852	1
265367	1
199532	2
183395	3
345557	4
578207	8
328628	83
335757	3
574644	1
2051608	4
265368	1
655725	5
175377	29
684238	1
383971	2
199534	1
672655	30
342887	1
287744	1
198644	70
111613	6
102704	2
261402	9
277946	3
350502	24
1106550	1
160720	2
188847	1
190124	1
1999147	3
162504	3
291800	3
270317	1
4133460	1
3465233	1
1105668	15
511180	2
4460560	3
290917	14
233191	1
312490	1
95256	4
304472	27
2223978	1
4441854	3
703741	91
448025	1
268043	5
568410	46
334870	2
306259	5
335762	14
348237	3
346455	1
4396519	3
185186	1
336657	24
721569	15
132114	2
187962	1
555945	215
195982	3
289538	3
340711	1
232900	3
892845	1
271214	5
819081	17
4459184	3
351405	7
179949	1
3342180	1
1123492	197
340717	3
1107458	1
3439403	4
1107459	3
4217226	132
306261	1
193807	1
304482	35
447141	7
4480176	19
314284	8
784040	6
275180	4
337550	7
346461	35
561193	2
827702	2
274292	2
178064	19
165591	34
353593	11
302300	1
320121	1
276077	1
347358	1
327756	2
575553	7
343794	37
230132	1
288652	2
132122	1
274297	24
211422	3
593376	25
272111	3
383992	49
549719	1
183012	3
530502	3559
377756	39
231028	9
263203	4
113417	41
342504	1
277967	22
4459196	1
1135084	1
195998	3
260536	4
1108356	52
173218	21
172329	5
4421273	1
4446320	4
4479793	3
291823	29
1105687	150
372906	11
4421276	34
291828	8
830280	3
1111522	71
259150	1
349142	2
337561	1
205594	4
3452788	1
186092	1
307169	1
414089	152
834840	1
345582	6
275194	3
346474	9
106698	2
357168	1
712677	63
347367	6
344695	9
336676	36
397363	47
265397	6
303204	1
588038	5
559527	41
264101	1
197782	1
219959	1
335789	1
582695	1
825939	1
589923	1
594279	1
269956	5
296686	2
395587	2035
289559	3
1107473	7
187989	9
194710	12
342518	2
274901	2
260547	1
262329	5
4308127	11
307170	1
561808	1
1016598	5
193827	1
404292	21
193829	2
4442774	1
305394	36
4336746	1
276091	5
349153	4
206494	5
518444	2
268074	3
239562	267
1110647	15
535375	10
347375	1
407963	24
557751	1
588045	2
851782	5
197790	1
304106	1
168289	4
589931	1
898217	11
585377	21
351430	1
520720	2
332720	86
198686	6
354105	2
182142	2
353214	2
301437	2
289569	1
367977	37
188887	1
189778	1
198689	2
3807411	6
382721	1
293621	1
323818	13
274912	4369
1108377	139
1108378	11
185814	18
4333086	2
308072	35
207390	19
1113323	1
2379148	5
1110650	87
4435655	1
3584772	2
258280	5
258283	4
336691	10
4433878	1
214120	6
288680	2
534498	4
212341	1
749329	2
302333	1
303224	11
157201	1
762699	1
557769	1
513605	4
751601	2
332732	147
216902	57
242741	1
631218	1
273036	2
271255	1
100975	1
173245	33
276701	1
484304	1099
186711	8
191067	26
593008	1
195622	2
351449	9
1844553	1
561826	42
292745	2
290963	1
807140	1
96194	1
275819	2
588060	1
2366688	2
248492	1
349175	38
746661	1
4376963	7
4133116	2
4372003	57
312140	83
338487	1
408877	3
668257	1
535399	5
268099	58
4296778	1
577377	500
549756	446
345211	2
269983	1
105434	8
111671	1
313037	69
321056	17
264134	1
363035	1
346107	1
180381	1
114348	1
332742	3
314922	1
574302	150
342543	5
589956	2
197410	4
273047	1
174146	1
175037	5
270375	1444
265029	28
584107	68
344329	47
455805	4
274935	2
1844565	3
462939	9
308095	1
1542014	3
526490	10
49877	1
1105328	57
815179	1
747563	1
304131	1
539962	2
797560	2
655793	39
265030	3
2453617	4
269992	1
524313	1
133065	21
359984	7
1904161	1
208901	1
223059	426
159007	1
270382	1
265036	6
556899	1
335426	2
306914	1
524318	2
351465	1
346119	1
344337	1
271275	2
331863	52
270385	1
571642	5
287413	2
182176	1
199205	4
331865	2
591245	6
271277	1156
187623	2
376516	1
191089	1
189406	1
180397	7
592139	7
290983	2
4344400	5
725198	5
849147	4
579174	9
2216519	2
327410	1
567595	17
3392840	4
300582	9
345231	101
107235	5
4452218	45
4430835	2
318503	1
530561	3
698676	1
181291	1
214159	2
336325	18
234751	39
270391	721
370183	7
614318	2
271283	1
296330	8
434336	45
3392847	1
272175	2
921813	6
308707	1
165257	2
157238	11
434339	4
2808640	27
441468	26
270396	10
463843	1
352369	1
232975	1
299008	4
179615	1
289208	1
259805	7
2808643	20
314949	1
179616	1
169815	5
293665	3
366727	10
4349261	6
266935	53
383659	293
4327881	1
1111580	44
4327882	4
4476780	2
2216525	3
812122	1
769961	2
304156	13
888466	3
370190	24
4370257	86
688883	1
4334618	10
4480841	4
4343528	39
342571	2
355045	9
253471	1
303269	4
102794	17
272184	1
204369	2
896489	1
593043	3
316734	45
268720	5
427219	20
157246	5
146554	144
358712	1
335447	7
174177	1
273078	1
315846	16
581463	1
457614	9
156357	1
340794	1
272188	1
352378	1
584137	4
592156	5
183089	8
155468	3
297237	1
268725	8
384555	25
178735	6
259818	1
267837	1
269619	10
274965	10
349809	7
4307296	2
266948	5
15540	2
849160	1
529192	229
32471	3
1067143	3
190815	3
4356004	7
215060	8
2385035	1
4334624	5
339013	74
326540	5
4393532	5
408513	175
305059	4
354163	10
342581	1
272192	1
592160	106
302388	1
4390863	1
233881	9
301498	3
333675	1
294570	5
112201	95
327439	38
560981	1
268733	2
197453	7
563654	22
581474	17
450399	1
268734	1
586920	3
1657491	1
262399	3
300208	1
661669	6
188548	1
270015	1
277649	6
260215	1
250414	3
4328792	1
231704	1
275869	2
1106254	33
908873	7
4414822	1
827794	10
1110312	43
370809	340
703440	2
1109929	67
817995	6
1110317	2
592170	1
313089	18
337246	6
308734	12
336356	1
322991	394
279431	141
334575	6
421893	99
164395	2
189443	1
276761	3
568118	5
591285	1
276762	5
297256	2
186773	4
154598	125
587822	39
188556	5
1624030	1
268747	76
301109	35
360015	1
196578	16
276769	2
184996	12
110438	7
186779	1
291510	6
180037	7
321706	1
311906	1
1105376	42
2810953	4
193509	2
181927	41
527032	1
339031	4
304183	5
427241	9
4425526	1
313095	1
4406817	1
418334	3
316760	10
353292	2
522582	3
317653	1
710584	4
532384	11
299042	3
278550	4
315873	1
113111	29
569017	3
178760	1
276770	4
167078	20
333695	93
148368	5
198363	2
275881	1
815828	1
187673	5
270030	1
275882	1251
195694	1
259846	1
294596	1
276777	2
678717	3
350224	4
266976	20
552988	2
26264	5
273705	1
4306036	10
290635	1
74480	3
550807	2
174805	17
190844	2
4401375	20
273708	2
263907	3
329240	24
4466621	2
899195	3
29937	1
641092	2
347063	59
4298224	19
345282	90
836325	1
298161	1
328357	1
568135	2
843454	4
522595	1
513685	7
846127	9
288362	2
298163	3
302013	18
528933	15
4393568	64
355089	92
397065	11
335488	2
278563	54
308759	2
589622	5
843459	4
112234	6
111344	13
341322	1
261132	1
269657	1
358757	3
369449	4
262024	7
105109	10
321722	3
110457	1
161343	55
259859	45
155107	1
258969	1
275899	1
1107175	24
183720	2
320835	7
1896010	1
4306044	3
181940	4
550814	20
190851	1
175706	2
16477	1
290647	1
361927	23
339050	11
4430891	7
517252	1
308760	1
419245	10
4299126	41
306980	4
158183	5
346185	2
458550	21
319455	2
4315958	1
585073	2
208972	2
355097	1
198380	9
564581	15
1054318	183
309658	1
199273	40
139478	2
254011	20
511510	313
261140	8
298178	2
521313	5
342223	1
350242	541
259866	14
985239	5
1106290	1
782984	82
710208	1
179679	4
570421	13
276798	6
354800	1
205904	23
580224	1
330645	2
321735	23
372622	1
180067	3
586968	41
270059	5
162249	4
194425	1
562408	25
303919	39
272834	6
181953	5
1813954	1
274619	3
4483570	3
846141	1
318571	2
918313	2
2283111	1
1112139	2
826541	35
2283112	1
338175	7
527067	8
337285	1
40149	4
259870	1
835456	3
4430503	63
258980	8
349862	28
269673	2
227697	13
210262	27
349864	1
254021	4
267892	15
539647	99
882782	6
696563	14
548559	3
153341	4
544996	7
130076	1
334216	7
312833	1
350255	1
293330	4
250463	4
450047	6
421538	4
276404	19
452823	108
353923	4
181961	3
3206495	7
196219	1
182854	3
4356062	54
1759711	6
1931575	5
273737	25
165927	24
15202	3
1105016	11
329271	6
3377773	3
4347159	1
4407747	1
328383	1
329274	70
3957916	4
318583	41
4483585	100
319476	1
844375	1
42931	2
357890	4
515498	2
657266	235
799034	60
743693	6
842596	2
1066913	32
333330	2
4360128	1
101572	518
261161	1
300267	2
258995	5
163153	6
180082	52
310069	2
342245	1
536989	9
169897	22
259888	8
277303	1
363731	27
177512	10
276414	1
562425	3
291561	6
272850	3
206817	2
4314092	1
345913	23
233549	8
174842	25
295128	28
3358073	11
195337	1
311959	12
264835	1
192664	11
182864	1
3506872	3
584804	1
174845	47
263946	1
4339144	10
167719	1
1105026	48
329282	2
45610	1
577082	9
1110378	168
566391	27
621130	1
279492	13
130091	7
335120	8
336012	75
537886	3
110492	2
215731	8
988932	2
207713	7
234443	2
109703	2
579866	1
570450	1
311961	1
321762	25
570451	1
697479	1
340474	418
367304	2
266621	4
265730	1
350277	61
261177	7
207718	2
157921	1
291571	1
353942	2
314639	5
276425	949
320876	24
535707	1
580258	1
4356080	7
191783	4
298803	10
355728	152
192676	1
173965	58
263957	7
2419864	16
3149595	4
2311550	36
1105038	17
22352	9
517293	15
4296496	156
439880	97
309696	13
4030375	1
308400	1
716984	10
349892	14
798164	62
537894	1
210292	4
4442118	2
333351	1
416215	766
520462	29
574021	47
327116	2
268410	8
261183	173
314644	4
270094	21
196240	33
555314	1
348602	1
331575	1
321774	2
332466	7
431368	1
259504	1
248812	1
526804	2
295144	7
340486	47
342268	34
175751	1
188225	1
197135	2
294254	3
313757	21
213966	1
169515	1
268416	7
361972	1
168625	48
185555	1
353954	1
443945	148
593733	1
197139	3
192684	17
277329	14
4309760	13
196249	31
195358	9
2816368	41
354849	1
388808	29
190502	1
845291	1
1777569	2
617098	11
3156335	1
2256425	5
211191	2
523140	660
1107829	7
326231	2
309302	19
164071	3
539688	11
300297	1
580270	6
844006	11
233573	2
537503	5
556214	1
277332	6
237138	4
324456	1
357522	1
308419	3
356632	5
354850	588
279115	39
296045	1
179325	1
268425	3
291591	1
272880	4
197146	1
189127	118
258626	1
345944	16
527709	1
355746	16
353964	76
182893	2
275557	1
291596	1
390497	38
263976	3
289918	3
210908	1
4401045	5
290308	9
270707	75
4244333	1
336043	1
228232	7
566022	15
325353	3
843124	1
209524	3
516029	6
540086	13
510683	4
262095	5
94758	134
587510	47
805707	1
4462739	1
577710	3
321796	3
275563	3
193591	12
305758	14
186464	9
347735	4
813729	1
830659	1
339718	5
158846	2
176666	1
185576	1
277349	1
174885	1
110128	5
583958	7
271602	64
291206	7
4440360	36
54563	16
318231	17
4335229	6
204088	1
3232988	1
514257	7
189142	2
333387	6
179343	31
558019	3
214886	1
234488	1
561585	3
340111	4
353982	2
588414	1
259536	34
189147	11
165982	1
214889	1
461795	130
399527	3
1806896	2
4418496	4
163800	2
270722	14
180731	24
162913	1
13485	4
1108745	30
808794	3
260927	4
1108747	38
98332	3
180738	4
204093	8
424270	7
4366524	4
324482	17
344085	1
189150	16
511594	4
109753	4
4376329	1
269342	314
343196	15
348642	21
355771	1
178462	4
277364	19
195392	6
641783	4
365574	4
338845	29
363794	1
304889	1
160140	2
196286	1
101237	1
265786	3
211820	1
276478	116
340125	1
185597	2
196289	6
301812	5
583974	1
297963	10
310725	1
302706	3
112924	3
270733	1
194107	7
272516	4
4015273	5
381219	4
290338	6
361619	2
191439	1
4318315	6
1896700	2
4339801	1
2876801	1
326271	1
308451	3
4375442	1
720093	63
1110037	814
4318319	6
335181	4
4477017	2
334292	28
4477019	1
43899	4
548233	7
1112814	1
434089	69
346870	25
4347829	1
354890	3
338852	24
546456	2
275592	19
726438	3
539328	8
313400	3
276484	80
265793	1
259556	5
197186	6
525966	2
573189	14
337966	206
297970	3
330333	5
178478	2
348659	23
101248	1
112931	1
312515	2
299757	1
184314	1
4302181	2
351823	27
191445	2
191449	1
66176	7
294905	57
4301298	38
327171	1
514282	10
392918	686
4446732	19507
4446733	41
4341497	1
308463	55
404691	32
278270	1
4446739	3
110161	1
610111	13
288075	8
288076	1
269365	5
259564	48
848615	10
345994	3
324104	37
200157	8
511216	7
847728	22
210950	4
301833	2
330345	1
105813	116
578649	1
184322	2
343811	2
193233	4
351833	1
310748	3
400739	21
580920	7
681605	1
352728	2
4422580	8
4315660	12
530928	9
183439	3
1768317	4
4446740	52
66188	59
309363	161
835154	1
336096	1
416286	3
457371	1
317385	1
416287	1
449353	57
316496	3
316497	1
1104817	1
357582	8
4428929	2
2050168	4
269373	4
579541	2
4373689	1
4390211	1
109787	1
312530	1
512114	1
332132	7
333024	2
4460604	1
330353	1
763985	2
235017	1
320553	8
205615	1
511229	94
331248	1
193242	6
271651	1
275216	1
354515	2
210965	2
160178	5
291254	1
560336	35
342934	1
275218	1
1749610	2
197801	2
2038096	1
362539	1
196913	2
1731695	1
1110064	1
2897325	20
2368865	22
109792	1
189190	1
259580	7
446691	26
2883968	105
743396	1
314320	5
359376	4
521033	9
269386	24
323231	147
314323	1
338887	1
571031	3
589358	1
567974	3
306306	3
363430	7
443620	121
523811	2
136127	1
522921	1
314328	1
353631	2
157611	7
302746	1
276115	13
290371	27
181670	2
274335	6
262752	167
264534	39
230578	11
344726	2
301859	9
450755	12
164744	12
372348	1467
530947	2
350965	1
4307661	19
19873	3
4443094	51
662917	5
296717	8
287808	11
1062061	4
295828	7
828043	2
309382	9
833390	2
4315688	3
1106614	17
52441	5
2085032	3
815573	1
259590	3
4455677	44
519763	3
308498	1
519765	2
588471	2
315220	21
746079	4
110192	8
315223	2
110196	8
195040	2
336710	5
194151	2
157620	2
177222	52
276125	1
291272	1
525606	2
350970	1
271672	2
211876	3
327805	2
593422	17
178117	21
166535	5
191483	54
195047	7
334935	1
772515	2
4425280	348
198711	2
327808	28
262766	1
183467	10
270786	9
191487	1
4335293	8
172777	257
294944	1
197825	2
4477062	3
296726	2
350979	4
47100	14
14035	10
4347871	3
3449666	5
816470	17
4395096	3
518881	19
2797559	23
339791	4
333053	1
358100	1
325036	1
305434	2
320581	1
301870	14
267220	8
307217	1
111098	10
364341	2
153075	3
552342	1
347413	1
266332	6
348304	440
292171	38
314348	8
322367	3
203865	13
340189	1
574720	1
263662	115
851822	3
342962	43
343853	93
182583	1
191493	3
851824	3
584524	7
273466	7
337619	1
372368	2
278912	172
175458	6
387615	23
193279	482
196947	7
2797565	1
190207	20
11376	1
190208	1
306330	2
1077336	1
102192	8
518894	31
316132	3
2277614	2
2851419	2
137043	2
241290	2
213671	14
300990	15
340194	3
355440	2
323265	1
195061	103
321484	3
292181	1
510377	12
268124	3
311684	6
268125	10
470382	15
303666	13
351880	1
146950	1
356336	7
259218	2
350991	1
269019	14
162991	1
328717	2
4337090	69
261892	8
335846	1
577406	4
326936	29
276149	100
591663	2
261894	7
192396	2
247639	5
295854	1
4369272	6
1108422	54
278928	372
1105751	23
708680	1
260607	2
190219	2
1000113	2
430194	33
4451745	1
301891	2
321493	3
276151	8
527413	31
366143	17
158540	13
326940	5
411486	348
169234	1
801844	2
273481	2
184381	13
522961	157
215468	1
586322	2
366147	1
526527	1
277047	90
537219	93
584541	31
337636	7
276158	2
352784	1
178148	4
564941	7
810759	1
188940	1
351894	1
272595	5
278931	8
461487	5
319818	12
295861	1
184387	1
183496	79
4308591	70
197853	2
298536	5
583656	22
320207	1
351898	1
352789	13
164788	73
289627	41
110824	3
189838	1
172403	1
261505	3
110829	5
309020	11
4358599	206
317041	1
325061	1
4466006	1
2740953	15
4357307	5
571081	1
413275	7841
314374	2
512178	1
274380	4
529206	4
454363	4
804526	2
185281	2
527425	56
532771	1
144196	14
303686	1
4387706	1
348336	14
354574	1
356357	3
273494	13
134399	6
199640	3
175485	2
592572	4
264585	1
355468	4
274387	3
397444	29
177269	1
298545	1
336759	16
289636	8
369827	1
261511	1
300618	1
183106	1
295879	8
45363	22
262409	5
2901239	6
350619	35
97142	1
45365	2
2066374	65
749791	1
700181	2
4413347	1
4384044	15
3607907	4
304580	8
4357315	6
207462	5
552380	1
333096	10
276172	24
821465	1
353691	1
268155	1
339435	18
515853	3
106786	1
323299	2
265483	5
277066	1596
344783	1
515855	1
313499	1
299441	1
185294	1
100045	2
259249	12
322004	45
737816	1
275288	1
463289	87
851865	1
320224	4
158569	1
662974	2
326968	70
894735	1
2901240	3
294993	1
181331	4
321119	11
272213	54
370225	98
341713	5
332803	10
271325	1
101936	4
262416	4
188969	15
332805	3
1035392	14
2901246	1
390820	10
4414241	43
341717	1
520808	4
513080	16
3970651	3
209251	9
98048	3
2198356	26
325085	12
259251	116
217276	1
346570	5
526552	32
4352875	6
215495	49
747620	6
178173	2
4468805	10
338553	1
403497	20
354591	10
335881	1
349246	4
269058	1
288760	1
604966	14
156793	1
179069	1
2192613	3
289653	2
344798	1
318959	5
198774	785
993647	3
342612	61
253513	1
14094	2
323903	2
341724	79
287879	53
4307330	1
292820	10
1106683	16
162639	62
2122024	1
291937	2
317073	5
373909	12
305494	5
348362	1
4483963	6
268175	1
168383	9
228972	1
355494	2
259266	3
267286	3
269068	15
336785	1
365297	68
287880	1
303313	9
197891	1
104622	1
514988	26
336789	1
199674	1
4200918	43
302426	1
2550809	13
155511	2
1108470	3
320249	3
274016	2
182244	1
564989	1
198788	253
520827	25
1107586	44
180468	1
171559	36
185915	1
580629	98
306391	1
269070	1
4343981	13
277090	1
1110752	4
2865835	10
259271	34
2438948	22
349263	1
766351	32
158591	33
4396655	4
326991	3
1110757	1
515883	3
528357	4
366195	26
348376	2
304211	3
579244	7
229874	7
320250	50
813479	62
410242	237
328777	10
400443	1
258389	2
113542	26
587269	4
353322	1
189884	1
575687	1
977628	3
146612	2
265115	1
332831	7
301547	2
340850	1
301548	2
230268	3
180471	2
192055	7
340853	4
182255	1
260663	20
161762	44
333726	12
271356	5
263337	19
180476	1
197504	1
1127197	2
373923	28
195723	1
1129971	1
309070	2
160879	1
1106302	91
373928	445
194839	1
825063	5
109491	10
347490	1
4299543	1
216010	1
327891	1
783291	1
586380	1
529258	14
705676	2
753891	2
328785	1
469663	20
4342704	2
830014	4
586387	114
111771	8
312247	1
4370328	1
324820	4
520840	39
541334	13
245523	1
274035	2
260670	28
354225	297
162660	290
231169	1
341752	1
352445	6
353336	4
166226	7
192066	1
350664	1
364029	31
198404	1
193950	13
145737	245
162668	1
287507	3
267905	8
197517	38
308191	1
373939	2
806361	1
1107209	7
4483990	2
269093	2314
734197	1
838544	1
348398	1
836766	1
4430922	7
799443	11
356011	46
551141	11
305127	4
4380137	1
307900	2
4442508	1
345322	2
192070	21
303347	1
176034	11
322059	3
610842	137
779847	1
711526	2
301568	1
296420	23
158217	4
272265	2
157327	21
325726	10
178811	1
652823	16
325728	6
571744	58
199307	1
4448250	1
267914	14
278609	6
4435784	1
1021682	3
4115411	10
538185	1
4346687	3
589071	245
719058	9
46910	58
3028318	1
2265722	3
1028915	5
519478	74
322062	2
508788	72
232072	17
345330	3
579278	19
106444	1
1087825	36
347115	1
308802	1
264252	2
332860	1
541354	1
672431	14
345335	13
273164	58
183174	1
301578	1
175155	11
326626	2
520864	1
135952	1663
831922	74
177930	1
342666	16
272277	4
162684	10
293761	2
173378	1
135956	94
276834	1
177933	1
191199	4
324849	6
289308	2
572646	1
182289	2
196645	1
291982	1
197537	25
4447372	5
276837	8
277729	5
194868	1
180107	2
381979	45
4367187	7
4372130	1
28109	5
2383341	2
510070	10
24546	11
3211875	3
310490	1
303363	1
310491	8
588197	359
444241	23
300691	142
300694	1
211595	1
354254	1
672440	1
261590	5
199321	1
174274	2
354256	66
524439	6
298224	1
349902	12
484444	2
259912	4
586019	1
186851	6
368615	4
546816	1
333768	4
385545	31
269716	1
511969	38
571766	1
295556	3
396239	50
187747	1
291994	10
390896	16
293779	1
195769	1
1105454	563
1921813	1
2066056	1
190913	1
4314126	3
769075	5
1144764	4
579293	1
1921816	1
1921818	2
798581	490
2199910	1
514640	2
338222	3
345350	1
4058515	37
401384	108
716006	260
336441	2
335550	1
888575	19
445144	1
176062	1
322087	80
263380	27
328424	5
184083	2
348027	48
337336	1
517318	4
263384	1
302489	2
168047	24
351593	6
300300	21
176067	1
570880	1
310103	1
547714	9
332885	2
538805	2
343577	7
350300	2
591376	1
295564	5
374863	147
196664	1
296456	2
350301	7
199337	2
288438	1
366846	3
195774	1
178845	1
111415	4
268837	1
340502	14
198449	1
875709	18
261208	2100
261209	6
191811	6
182906	1
208042	67
191816	15
1110412	2
2724618	3
266060	15
988375	4
345360	1
319521	1
309720	4
356052	152
176071	1
801554	1
203594	1
525344	32
263390	1
168054	11
356055	3
274083	5
437137	147
681370	6870
354275	1
348038	6
4226929	29
213399	1
167166	19
578016	51
566434	2
1042805	2
176077	2
220122	3
233993	19
529905	1
352497	4
276861	5
275970	7
279534	13
227758	1
196672	8
262101	41
832848	23
271013	2
994219	21
112316	13
349929	1
350314	1
197568	10
1106362	1
267958	7
161423	28
178859	3
170335	11
1106364	646
185989	1
17444	1
4468892	4
183805	1
272905	7
42395	1341
16559	1
4468897	2
193609	4
97840	2
1094991	9
569110	2
444271	25
339133	129
214295	1
4334746	75
338243	2
533373	4
265182	41
558420	82
4481861	2
326662	23
521792	21
541394	3
324882	3
274095	3
198460	2
346267	40
157376	3
298254	2
662674	1
344488	9
264298	124
199354	16
396266	5
324888	9
342303	15
321811	15
186886	2
275987	2
291620	15
580305	4
45074	6
1105486	1
4446120	3
3799784	1
132929	19
4373062	1
190946	3
830080	96
838200	1
207174	4
99634	11
4334755	44
356073	3
4451477	3
4388316	2
1111328	1
158273	34
574471	1
529921	2
826624	19
339148	4
355187	20
338258	351
114111	3
328458	1
265197	5
245595	160
324894	67
315985	1
325786	6
229559	3
302115	2
523589	5
334697	3
275990	6
303006	1
211234	395
538837	2
334699	2
313800	1
287576	7
619919	77
268865	8
278667	14
322711	7
270145	5
214904	81
291630	1
1106384	5
350337	9
292521	5
321825	31
240746	2
571406	1
185604	3
151647	30
195406	1
561607	12
806030	3
4428313	52
291637	26
3682570	1
829302	1
266091	1
4324964	4
4449803	43
4475642	2
216097	42
4425649	1
827522	32
348065	6
339156	1
107398	5
772282	263
325793	1
355197	1
2140546	2
525378	8
337379	2
344101	1
227788	5
4370008	3
353012	62
351231	52
278675	14
261241	1
276894	5
296496	3
582101	1
298279	7
111455	9
786646	8
314703	5
537959	58
582103	1
271045	3
322723	21
323614	8
360147	2
620319	75
340547	158
270158	169
350349	198
294315	14
181059	21
592901	1
354905	1669
214919	490
1584173	22
592902	2
354908	2
306091	3
2901965	77
192747	7
184729	2
272938	851
192749	8
608244	16
346291	3
327581	5
578053	1
567362	4
4448928	1
347188	2
1046408	34
388276	4
204126	6
278684	2
546876	5
269775	6
288487	1
545986	1
146314	1
279579	3
341444	1
612308	11
187400	9
313823	16
270165	1
333426	4
563403	2
323625	4
325408	4
197203	4
262148	12
251456	167
354911	119
187404	2
196314	1
274722	5
166911	181
341448	7
196315	1
354913	2
320957	1
354914	4
275616	14
195427	1
593803	2
290764	12
462727	7
276509	209
1111350	61
190975	3
4425663	10
1106006	703
4423882	1
290769	4
525391	4
4359831	2
4346368	2
4359832	4
4338349	14
577170	15
4359834	2
557570	63
828435	31
348088	3
258099	1
299184	1
279582	6
299185	1
824876	1
834677	6
259983	1
335212	1
157012	1
823986	3
512522	7
557578	3
216710	5
85903	45
324522	1
4481506	3
306704	1
277400	14
366500	11
582123	19
553611	18
531238	4
334328	7
276513	25
350367	10
325419	47
331657	4
264932	1
266715	17
331659	151
4348151	1
272953	10
275627	1076
158906	3
3841096	1
265828	2
192767	1
528071	31
4476561	1
33133	1
586093	2
318695	6
4379449	91
4387469	4
524111	1
798253	9
104352	4
833795	26
204144	4
212164	2
342350	3
337004	2
259993	2
210383	3
129401	6
44827	331
510750	2
112374	3
344133	11
326315	2
334334	2
202367	2
104358	1
165046	9
330772	150
347801	2
511646	1
565205	1
263057	6
262166	20
207816	4
267612	4
275631	59
307608	10
261277	1
355822	10
264940	401
264941	1
260387	20
174950	1
177623	4
273852	1
288109	1
189208	1
184753	2
198118	2
4329450	2966
592933	3
191884	11
346918	4
730939	13
175847	1
192777	2
174958	15
329390	4
2653002	9
749151	124
2224336	12
518287	1
667184	1
4476578	2
2920309	7
548686	2
729559	1
316521	1
4331736	1
77904	1
332560	1
350381	1
262173	3
345037	1
113278	7
269401	6
134762	2
296134	9
306728	59
321875	13
260397	453
296137	2
194563	7
590168	13
258717	1
362965	3
355837	3
196349	1
534929	1
193678	4
299807	6
1015154	104
1138214	1
4457872	90
649373	1
2032782	1
4434203	1
803010	1
976470	33
107044	1
139221	1
300394	1
352171	2
4177702	1
4325509	22
522353	1
760350	2
344154	201
395040	68
350392	1
343264	3
4056429	23
513445	11
207833	1
316535	4
423455	58
338910	1
349602	10
189222	4
564334	1
314755	2
465433	64
138338	5
510777	1
216747	2
193680	1
259614	9
316539	14
293473	1
323668	4
368318	1
288128	7
341489	2
462764	23
186555	1
269418	56
295258	1
195466	3
374557	9105
258728	1
150412	1
399606	430
354957	6
174978	7
576919	3
2921213	2
191502	1
1136443	24
4346003	1
204171	74
1110104	1
4296211	1
712142	5
228330	2465
303076	1
515234	1
1068836	1
319214	1
567011	2
308523	1
333471	2
510780	1
516126	8
351292	39
4296216	98
316544	1
831641	1
334365	1
4296218	2
335256	5
664135	1
4381755	2
294370	11
822733	13
2490977	2
277442	2
309419	3
110221	1
259623	8
164187	2
553654	2
617806	1
199036	13
3090117	1
208739	3
637409	17
259625	15
332588	18
313878	1
288138	2
364765	1
561676	2
1106050	8
381694	29
338926	6
697208	2
268538	80
162005	5
320603	11
576926	2
264978	10
4418586	1
1106058	1
838281	47
230618	10
4399086	15
1109724	124
828483	1
271706	1
73371	6
180826	16
1107945	394
181718	1
4331760	35
1124877	4
4305923	34
327242	1
318332	15
522371	17
826302	8
826303	3
352192	7
575041	107
218542	10
646321	4
4412849	1
4456607	1
304971	23
328137	10
537622	1
647215	34
752354	1
823634	5
335267	41
822744	1
289035	2
276561	17
335268	14
342397	1
555445	1
326359	8
354971	34
449417	91
218549	2
576930	1
315669	1
338935	1
368338	1
178556	1
231510	116
534957	1
569807	1
579608	130
362997	11
290420	9
330417	1
593868	1
592977	1
180834	1
4354042	1
3046870	6
1726408	20
801260	1
190638	11
190639	4
329032	1
10512	1
328143	2
3325758	3
514363	2
4470870	61
521491	18
328146	1
567033	2
323693	23
532187	45
294390	4
356760	27
588520	1
297065	2
197273	32
732765	3
339834	11
832558	2
578722	2
527837	2
196385	9
276575	4
196386	11
179457	3
274795	2
339838	96
111138	1
178568	6
640998	1
161135	1
569818	7
399637	452
298954	89
640999	197
460611	1
141535	3
321517	64
232417	162
273504	5
302809	1
263705	7
3325760	1
113919	673
174607	4
351916	8
3007575	23
48444	19
4449897	1
272619	3
2835813	177
190649	25
1110135	11
517044	5
309441	21
336174	1
517048	6
949789	2
797021	2
199061	17
566154	1
4437917	2
269451	3
334395	1
566155	1
276580	11
413695	8
455671	39
110250	2
536754	289
359445	21
306778	7
332210	1
325489	7
833458	36
208769	1
573287	1
215897	10
300036	2
583089	7
295296	58
573289	1
772972	1
342014	309
453896	1
233313	15
214603	16
562599	104
333107	3
593886	1
401717	1
321527	1
290442	1
173722	1
261935	266
351927	1
271737	57
1111033	271
190658	5
1021043	159
191549	3
4412873	1
4408418	4
3029968	7
547451	1
345095	3
860192	1
822770	135
228374	8
318366	1
563490	5
673084	1
197290	2
887025	29
428953	7
297087	6
342022	49
527857	5
333114	2
953855	19
341134	1
276597	134
571111	319
311732	1
382220	69
561312	10
314406	10
660214	4
272630	1
265503	1
260058	2
183532	3
191551	2
311737	5
461524	5391
344804	3
194225	7
142448	6
290455	4
352825	2
344807	3
174629	1
4417335	17
190668	1
525082	2
327282	8
415491	25
14106	24
4369327	1
327284	19
4453973	1
198190	6
537662	1
4453976	2
4453977	1
198194	1
659831	7
528756	2
103145	6
313521	16
376397	179
568952	8
585881	4
304612	1
259677	4
576972	8
216403	22
340254	4
303724	1
84709	1
4390319	1
195123	3
354612	1
315309	2
274422	47
324219	25
375106	383
570238	1
194236	1
441934	355
543509	3
4304085	5
190673	4
272646	1
245916	9
4304087	2
167509	10
1784461	1
175529	1
4333590	3
190676	1
592616	9
270866	50
450849	1
271759	122
181768	54
172859	9
4297161	3
4335376	32
4235585	17
307692	1
3013444	629
1105814	3
1136109	33
515299	27
288193	14
210073	22
3412718	64
314421	10
547479	1
268596	7
330460	5
518967	8
975259	1
579658	1
291360	1
177313	8
356404	4
346604	1
356405	9
265524	13
303739	2
356407	2
170089	500
175535	1
276218	2
263744	1
353737	4
274438	33
581933	8
256619	1
271766	7
193358	5
193359	1
270876	1
166629	3
191579	1
1109788	8
829032	3
287909	37
1026524	3
36503	2
2590430	8
838940	1
459276	189
308598	5
4390330	1
338992	1
358594	1
326013	5
243150	35
4381422	4
317104	1
51657	1
4313608	1
339886	5
279298	2
132670	22
259699	1
188013	3
336810	4
292260	4
258404	1
357305	17
208409	54
352852	1
194254	2
152278	7
191582	1
193364	3
247715	89
544419	4
199701	8
174654	2
192475	1
191584	2
147925	1
442846	13
793109	1
275339	10
509070	1
351967	2
4434294	1
197924	9
295935	1
4369352	1
190699	1
835283	1
2051184	7
4321630	1
528782	5
4483001	2
527891	2
548385	12
334040	5
210095	1
215540	18
369299	2
589475	9
334044	67
277120	21
514028	13
206633	56
347511	1
312665	4
348404	10
564026	6
322466	1
302865	1
311776	2
355534	1
310886	1
276236	403
229905	1
274455	2
288810	10
665703	43
351972	5
292276	2
195157	2
351975	1
264657	12
1110191	285
199716	686
509083	4
826382	15
4431231	1
519880	9
190309	9
4424106	1
180509	1
512253	2
350091	2
51677	4
2545906	6
207532	14
4340358	20
268220	22
203970	1
4400949	2
365341	1
258421	389
814406	3
359105	35
347523	2
551562	8
109527	11
153187	3
571165	10
564037	14
105964	116
267335	1
337724	376
780650	3
175563	1
149725	1
337727	3
189920	18
592652	6
192494	27
293178	2
319908	1
347529	19
346639	5
337729	2
560479	2
319909	5
851935	3
289714	3
229919	8
291399	1
583746	2
1137031	1
271799	5
4426298	74
4426299	656
191205	3
4308688	20
1712722	1
180516	2
171607	32
17822	11
4340361	10
2200896	1
4446898	3
3277423	2
349310	3
106860	1
2127939	11
580081	1
4390365	2
326048	8
463361	11
553352	259
368025	9
277143	26663
686211	48
178242	11
543553	9
188044	1
333178	255
269125	55
342089	3
577512	11
335952	3
265563	11
631764	109
580087	3
336844	5
338626	4
542666	1
273584	2
571178	80
173792	2
166664	1
335955	3
328827	1
199731	2
567715	28
273586	12
177359	2
1109422	3
110924	19
296858	1
360504	1
270513	24
1105860	195428
271406	3
181417	2
4412541	47
180528	1
270519	14
3785400	11
4462541	8
228043	1
209334	1
422283	12
580090	1
276260	3
406247	203
3765807	2
316257	2
517722	457
85658	14
323386	1
806407	1
214684	31
616624	33
356454	260
353782	16
356455	1
1906483	1
107768	6
353784	1
310510	1
264684	5
634449	7
157764	2
335965	1
535549	1
179149	1
335966	8
329729	9
195189	1
335967	248
557926	5
330116	2
797704	38
174698	1
295974	4
377946	6
191222	3
300716	1
573969	1
4429981	1
1055082	9
193008	1
351607	64
271418	6
4429986	27
4303850	1
4402751	1
4402752	2
828198	9
514061	782
292906	1
708401	6
4483046	1
318045	1
538223	1
4443846	2
428632	213
277163	2
579311	3
308249	10
586440	1
347553	14
335971	1
527536	1
234298	23
338644	11
264693	1
268257	1
851961	3
179157	13
134101	1
331013	3
214699	45
278059	7
176486	1
267368	24
112720	2
266478	41
100148	5
835928	1
312306	2
71907	1
198865	69
198866	14
332901	10
261623	2
297769	2
470117	3
110945	6
340923	4
1126373	6
38344	4
4319005	4
242917	7
228061	7
4363660	1
325182	2
1076587	1
548032	2
194909	3
137183	8
309147	5
539124	2
609513	51
187180	4
329741	1
337760	4
628226	16
1582779	1
107784	1
4399406	1
258463	1
4336939	1
564077	1
569522	2
266483	4
269156	24
178274	3
322112	1
259357	2
510114	1
784256	4
322114	1
196098	1
188079	2
189960	7
339549	47
544479	2
197980	156
229958	1
3709990	1
542699	1
289754	51
586458	1
1749791	5
299556	7
575768	3
145801	2
260741	8
261634	2
180555	6
333807	2
591405	246
340937	1
271439	6
1145098	2
3609803	1
1106787	3
590519	1
97263	143
1121530	3
4336940	13
307373	2
1142029	1
216495	20
508842	23
3265889	1
538247	18
367176	3
208479	55
347575	1
2233608	169
346686	1
409947	23
328866	7
312322	3
266497	6
304304	25
212532	1
197991	3
313216	6
343611	2
214317	1
310545	1
273223	6
191251	8
274115	34
272334	96
156505	3
334705	53
260752	31
260753	8
193038	3
512907	3
272338	2132
4127460	5
260756	1
271449	40
309161	1
4338733	16
4479612	2
2875735	3
724472	6
269172	2
1111745	1
209377	1
259372	58
128297	2
519545	3
31735	2
72820	23
337784	3
339566	1
331043	1
347587	807
323024	24
289771	60
310551	2
40649	2
178299	5
578457	43
289774	1
320354	3
355203	1
221454	14
299576	5
540532	6
273232	99
297796	1
520931	1
352533	1
561027	4
1952	10
264325	2
287998	4
274128	2
176118	1
176119	4
174337	14
185029	8
251854	8
512919	1
4315471	2
4444771	2
318086	3
349372	2
338681	1
417981	19
419765	1
549950	1
569552	15
4470213	1
568662	1
3272632	1
278098	6
104740	1
106522	3
165430	12
302545	3
312347	1
113654	4
190380	6
291063	1
182361	24
340960	96
270571	32
344525	1
274136	1
372146	159
185036	20
540546	1
273246	1082
522727	1
110986	9
336508	1
344527	33
262556	3
564704	5
324926	21
590544	13
188706	156
194944	2
287608	31
97294	1
4449236	68
4465275	1
808244	1
319981	1
686281	2
368097	3
313240	1
233052	3
347200	1
411254	9
4289859	1
320373	1
796871	11
100198	1
345422	1
337403	6
423830	18
254541	2
316911	1
420168	8
177024	4
336513	2
263452	4
303448	8
191281	29
566899	82
346316	2
260781	1
337407	1
351663	3
190392	153
165445	1
274147	3
199403	1
554912	1
271476	1
333846	24
277813	3
575407	16
196733	1
227819	13
261677	11
292962	3
195843	1
294748	1
292967	7
815380	1
2768843	7
4456376	2
1504802	1
786081	2
329790	37
509773	20
30872	1
728069	6
529377	32
307012	1
839545	15
15728	1
42458	2
510162	2
319996	1
216136	4
224155	1
827968	2
257224	1
264352	1
259006	2
174361	123
335632	1
345434	6
322169	2
353453	2
732128	62
324943	2
301678	4
103876	12
236734	3
105659	2
268910	11
177039	4
450576	18
269803	2
367813	11
621649	36
174368	1
264359	5
4449251	1
1656781	10
196746	1
161899	9
4471130	3
921020	81
357020	5
4471135	2
839558	15
518699	6
107443	1
311482	3
4471139	1
291090	37
380190	69
844501	5
237631	6
331088	2
114575	3
271490	3
851630	2
733028	19
325842	1
355246	3
357028	8
184174	12
1992	29
335644	10
356138	1
369602	87
561069	1
269811	2
572751	2
345448	11
327629	2
833816	4
309809	1
585227	5
565625	2
269814	3
585229	1
197644	6
414949	3
270200	48
359809	272
1133172	2
13960	1
758482	3
4398585	21
813220	3
304360	22
125270	5
609589	14
4398588	36
191908	2
4401548	97
405046	2
313274	1
267041	2
338321	6
267042	3
228730	2
266153	2
322187	1
325850	15
356144	289
446135	112
334761	1
168145	3
545038	170
311499	1
157455	1
531675	1
400599	38
278731	5
183296	1
275069	1
188741	5
296553	1
335658	1
277842	9
293881	1
825808	1
342787	135
163696	14
343679	4
271101	4
351698	2
296556	1
260410	6
296558	2
2978254	3
179838	1
784927	1
271106	1463
271107	1
3154070	11
182008	5
1109127	30
190028	15
1523543	15
209031	46
4303545	4
305261	2
16649	1
4310675	2
838685	4
828884	3
4432841	4771
4365126	1
4094263	14
4364237	20
436341	12
4333943	3
4433736	1
518314	8
319621	24
318732	1
4377704	15
766113	7
357046	3
820367	2
364175	2
328536	12
592372	1
212201	7
433676	120
196770	1
533469	1
688701	4
364179	5
567427	3
336559	295
269833	254
199445	5
876705	9
590595	3
272004	11
383885	632
171322	4
196777	82
152612	4
3514043	1
190035	12
382998	16
180235	40
351309	8
321907	1
1106468	54
193705	20
217060	2
3117556	17
4374042	8
4364242	146
4364243	3
13986	1
4403349	10
99720	1
303491	2
2112006	2
4374046	1
339231	3
214392	21
348142	1
3486634	6
1029949	13
913036	31
569210	1
265280	3
314186	2
516544	9
349036	20
586141	116
356164	61
1087966	1
314189	1
345473	1
338345	1
4396426	17
356167	1
335675	1
338348	4
4376828	1148
324985	2
238558	5
567437	85
278753	158
358944	1
157479	15
104405	1
352202	1
296576	1
289449	6
174004	7
342403	24
278758	16
212219	6
342404	18
263106	5
261325	1
331716	2
332608	12
2879379	4
273902	7
184803	8
590209	5
273904	4
4408801	2
4322275	17
3856404	1
4314257	1
716131	1
13995	5
545061	2
259051	2
216184	11
305288	2
514773	1
338355	2
4399109	2
539820	10
4474844	343
346374	3
888300	27
337465	15
326774	3
830189	154
449833	3
533488	114
179861	1
268962	1
336579	7
272020	198
301325	1
331720	2
340631	4
276985	58
323702	182
182033	43
182034	1
352215	14
279659	16
211339	1
650800	11
322814	1
1105591	3
164216	8
165107	5
293511	6
3449121	1
360238	80
350438	1
313908	1
390633	7
4413164	86
192832	7
4405146	1
839200	2
192839	9
207284	9
543291	9
509433	7
355291	169
745650	1
549631	1
845444	4
318764	50
3173413	1
132041	1
772384	6
578147	1
266198	7
586166	1
549635	15
531310	1
574585	2
375892	36
110660	40
352222	5
289467	6
452014	22
264014	4
100862	4
173132	1
310247	231
343313	10
1108270	12
197696	3
189677	8
340642	1
190063	4
182044	43
276996	10
268978	1
154424	22
260454	4
260456	1
570623	1
371930	53
331737	14
185715	1
275707	2
4304475	1
4426641	2
194628	1
2944933	2
606560	1
4357147	1
4402489	1
4321001	93
217096	25
356192	78
4309927	16
319662	27
308970	2
338374	2
1111448	15
548753	3
288581	68
228785	31
613697	8
287691	1
826746	1
189681	31
228787	7
513500	13
576377	3
298385	1
269873	433
158399	45
772398	5
198595	2
182052	2
298388	15
325503	19
174033	11
340650	8
511724	1
343326	1
295312	1
181165	5
589848	8
181166	2
164237	2
110678	1
3529330	12
296205	4
291750	2
1828413	1
4306262	11
1109178	4
185722	2
215918	1
177704	30
292643	129
355905	3
322839	2
1106101	673
4316066	3
3528445	83
4316067	13
4256470	5
294429	5
4455163	1
4435561	7
1737536	34
3528448	19
4326861	12
4374085	1
807046	166
509452	86
4354486	2
337494	8
229683	11
214030	6
309873	9
4310326	2445
214031	43
52933	2
359872	73
228798	1
182061	3
584001	14
213147	50
271162	1
164242	7
514405	34
541135	484
300467	1
245324	24
352244	16
198201	1
510843	3
582222	2
321952	6
351357	1
167910	1
262258	1
462832	4
583117	13
355912	61
186623	3
342449	23
970805	12
1845355	15
184845	4
266817	7
17598	29
4335781	2
4437359	3
839233	3
319681	924
389282	39
338396	2
311163	1
30569	2
1085832	177
301363	1
345121	1
299295	28
548775	79
354032	1
157121	4
147321	71
157122	1
227512	7
522433	6
532235	1
342452	9
345126	55
182073	5
321960	3
263155	2
778758	3
188411	1
226626	1
370077	123
277512	93
110698	1
276622	25
195543	65
1629740	17
2985051	14
197327	1
4448052	1
274844	7
466409	213
177727	4
2119695	4
194656	6
4437362	2
176836	4
1105232	38
2645488	4
1107018	39
1113256	108
4366089	1
658370	1
759053	7
48899	126
56512	22
4354103	1
34139	2
568383	8
577294	18
4341633	4
361170	13
304047	27
584020	100
272072	1
343353	8
4482516	1
353155	1
105358	104
317515	195
588984	1
851323	16
263165	3
158027	6
331772	34
109914	3
271185	1
333555	3
197331	2
576007	3
179513	1
265940	8
332666	12
198225	1
348804	1
171396	18
183970	2
291781	1
275743	3
342469	7
199118	17
551955	1
171399	2
275746	4
194665	11
585914	4
100506	1
194667	13
191994	47
15431	5
1107027	117
1041094	11
99793	4
657491	2
300491	4
559488	2
899059	5
209712	1
301386	1
271191	1
354054	5
558599	9
106258	1
322870	1
301388	1
4384516	1
359502	1
331782	9
4390754	45
259711	3
288223	73
210102	1
355940	3
194670	2
344259	1
266841	3
366633	2
305946	6
196453	1
357724	40
331786	8
189327	1
537708	17
194673	1
453955	8
193784	1
151401	4
267739	1
183985	2
184876	4
519290	7178
299917	1
1924689	1
15441	1
4378683	1
1112389	20
49406	5
312082	2
4378688	1
3887769	1
4360363	1
436032	1
534042	41
20799	10
827689	1
353173	232
326444	1
157154	9
298031	4
531374	8
622256	257
528801	1
366641	1
556424	1
345158	2
295361	5
300102	3
297143	3
321992	1
348821	21
198243	1
325557	2
4392549	2
343378	1
267743	2
342489	1
175972	3
455746	6
296257	1
276656	7
1995182	2
185777	1
708190	36
355959	1
4403030	6
1113282	104
51091	2
192504	2
4299396	2
2025774	2
4299398	1
820061	42
303184	1
525142	3
4414725	67
99414	12
4404925	1
4456702	5
309524	10
296260	1
278440	32
394270	5
1076969	1
295370	1
269531	3
301002	4
755126	2
367542	63
269532	15
539506	1
322895	1
4380976	19
261010	2
694641	5
276663	106
555547	1
194692	6
572476	59
197367	1
188457	6
199149	4
348839	5
212902	1
258849	3
185787	4
593965	1
273997	6
1107057	12
230725	17
271811	20
192515	6
304080	6
820070	2
4434334	1
1111115	6
4333654	1
318442	5
248053	3
549310	7
309534	1
318445	1
333592	3
344284	1
279340	16
353194	12
353195	3
319337	16
649107	1
227565	19
3293886	19
313992	10
301012	102
562681	1
229348	1
511795	2
537734	1
3293888	1
306866	1
813944	12
300123	2
344288	10
136686	1
567139	2
295384	308
565357	9
586841	1
287366	3
588624	3
274893	17
274894	2
265985	1
275786	1
342105	5
299943	1
176886	1
510505	163
294499	3
267769	106
331416	1
350127	9
175998	1
593977	1
352902	13
161238	4
271822	4
352908	2
183619	5
4394350	1
2497335	2
4341683	1
93099	23
2212505	18
354095	5
337167	8
336276	95
407556	20
301022	1
336277	17
198271	17
427159	33
512695	4
305983	3
325586	2
816626	2
147387	1
808609	3
166099	9
