277574	1
216888	2
341221	4
463794	27
260140	22
833559	35
233411	3
323403	124
339948	1
222721	1
211039	29
143423	2
402704	2
230741	4
213813	1
341227	2
332317	9
271830	21
1611482	42
321628	19
312719	4
303809	1
380534	24
195207	2
263815	19
183626	1
271835	1
1531298	1
274509	5
591805	17
518042	3
2792266	1
704264	2
335391	3
405780	53
319354	4
157193	5
647343	5
4300206	3
524287	7
301032	1
338069	2
326486	5
589530	3
20439	51
300143	425
178682	3
348863	4
228479	478
110361	22
349755	1
199177	2
109978	9
587753	1
296298	1
234314	1
522107	1
821989	1
266896	1
580121	69
510524	8
277588	30
277589	1
786449	1
322525	2
100567	1
331435	1
581014	5
214715	332
167999	2
310945	15
350149	6
192542	1
182744	1
4401294	1
230759	1
344906	994
542709	1
1109864	17
174727	1
1108974	7
272737	1
271846	8
175619	5
4302396	9
290559	2
1110253	63
591818	1
318470	1
616067	1
307781	2
309564	1
318474	69
574290	21
199181	1
199182	6
346098	5
327387	98
378273	114
52624	2
259772	25
2066505	76
813975	1
288285	1
4410804	2
277593	5
189384	1010
335003	3
235212	2
348875	2
847934	1
447776	347
324315	1
431235	6
3919792	5
178699	1
233435	3
185420	60
274521	1
137209	10
157802	1
345804	3
193444	1
2217384	4
352933	4
157804	22
344915	134
361845	2
262944	3
296902	2
181864	6
290566	8
192557	113
167609	31
180975	35
263839	1
272749	8
828230	1
1857626	56
4212012	3
4346168	166
328283	81
199190	28
229386	1
903975	2
95502	1
343030	11
579750	67
555595	4
95503	12
3998909	358
269585	15
211066	13
1691506	19
279387	50
268696	1
341252	2
563210	24
112166	5
277200	8
261063	44
111277	1
554303	1
277202	4
324326	14
570341	44
531038	6
276312	1
258899	1
295023	5
554304	5
194340	79
194341	24
277204	19
543614	1
264731	2
275423	3
161277	509
162169	1
355615	1
267406	4
171079	9
770920	40
831409	267
264734	57
552528	40
293247	2
182764	3
1138397	1
2349365	3
273648	62
273649	1
262957	2
1816549	1
16003	11
16006	1
4484382	4
2134134	22
1107703	4
4463892	2
2656868	4
3998912	39
557381	7
368490	2
359581	1
301062	1
2120775	2
202162	1
1147903	1
568077	23
701221	35
349783	30
515004	99
324330	16
1131769	1
522135	1
369389	7
332353	2
348897	5
113069	2
216524	4
523028	12
341264	79
662124	1
571242	2
266520	1
522138	19
187222	3
261076	211
188113	1018
158711	1
187223	1
520358	290
306519	1
315429	2
277215	11
263850	250
196135	1
293254	4
262960	11
188116	8
355625	1
330578	1
193463	3
183662	33
310978	2
354736	1
274546	1
177427	52
363646	12
4338161	16
771824	6
175646	75
270984	11
273657	1212
272767	5
265639	35
329191	1
1110284	1
918242	8
2380160	4
36611	2
2272351	1
2387797	5
1066830	3
759751	6
531052	2
315430	11
300186	17
646499	9
341272	2
301079	1
334145	6
349798	23
189011	5
4471525	5
152381	227
4353913	55
196140	1
332364	46
367213	1
355630	2
308308	43
346720	8561
334148	10
209408	7
331476	2
187233	3
354741	7
367215	40
312766	2
158722	1
155059	4
350188	67
271880	7
262970	5
683621	9
720944	6
344943	1
251289	9
328905	130
197038	1
241489	1
570367	3
362765	1
195258	1
356529	1
270993	24
516909	227
292377	213
337819	1
157837	1
193477	1
184569	1
164967	4
586509	4
192589	17
1106830	67
27711	1
1143365	1
1108617	5421
827376	3
2066542	387
4360055	1
2885978	8
707986	32
814501	1
3694603	3
4453714	2
529789	397
213870	4
323463	7
324354	96
341284	1
531067	1
813614	4
278123	3
833216	50
3096648	1
152394	2
186351	8
261097	1
292381	2
193480	3
186352	49
331486	19
341287	21
303866	2
840347	1
863612	5
174770	1
304757	305
347624	25
844902	1
443853	117
561466	1
356536	3
576712	133
554338	16
188138	1
110016	3
266546	1
264764	64
661259	54
329808	1
183684	1
347628	4
169428	8
173883	5
311889	202
533847	78
297831	11
296941	4
186358	378
586517	2
183686	4
141304	1
353868	3
272787	3
1111191	374
584736	22
582955	1
192598	3
272788	9
4397092	6
16036	237
2663625	7
4392243	1
327034	2
235262	2
564140	31
315453	1
331491	2
4381553	12
153291	213
332382	8
313672	3
520385	4
351095	2
552561	11
197052	94
556126	250
525833	1
279026	106
661266	32
213885	9
540982	2
365455	13
571277	13
288930	3
329817	6
581079	5
3040916	3
320402	1
590980	3
562369	1
273686	4
274577	14
273687	2
291101	2
271500	1
198945	1
211706	241
310608	1
3768971	1
192206	1
2309802	11
192209	3
3056461	100
4450064	1
171718	2
539202	44
4386018	2
573061	6
356550	7
339622	1
327049	1
345860	1
144395	12
313685	4
267452	10
369027	1
295074	2
259434	2
345862	1
304777	14
295075	2
720973	41
174791	3
573068	2
185483	3
550793	5
110034	4
562376	25
742358	50
213896	9
606927	2
151120	1
588315	15
143101	6
462585	968
150230	1
508918	1
275476	36
331103	17
246965	49
263895	656
296962	2
264787	21
291111	3
288944	6
272401	171
183302	1
590995	1
193103	4
290222	2
4468391	37
16054	6
341902	52
4468394	2
1127353	3
1106861	3
261715	4
1106862	10
1109539	2
4326225	2
96451	44
327050	2023
1107758	2
33984	200
4403749	1
4462654	1
319038	4
105099	2
349431	15
515059	2
315475	5
268352	1
1141218	1
197072	131
269243	102
346761	3
4355739	2
840376	3
607825	114
277265	2
275483	10
267465	1
589215	1
627429	3
349437	2
347655	11
189057	26
585652	3
520004	16
110046	2
289841	11
211720	23
836917	1
353896	93
194001	1
346769	1705
584765	45
300823	2
198963	5
263500	3
331117	2
311515	4067
288955	2
352601	8
262611	5
243900	1
191332	1
672978	3
162820	33
198967	2
352604	1
1107761	9
341913	121
172624	18
1105981	1
184209	4
2657412	1
4466220	1
1105984	653
95570	1145
958496	1
307462	22
548133	2
4435934	5
753064	1
554372	4
315485	51
813654	2
626544	13
196191	10
308359	11
266583	1
345882	1
196194	17
279059	15
276386	31
232222	3
159668	3
578537	6
2061739	1
224206	1
310633	1
203713	3
110059	28
593686	1
297875	1
155701	4
352612	17
194014	10
299659	1
1109552	5
272425	1
260842	1
283117	3
350834	1
175307	2
591503	2
262625	4
1606832	1
293910	4
272428	7
263518	141
343709	2
571905	5
1109559	5
3671383	7
180659	1
326180	7
4440297	2
316381	24
325292	1
557051	1
4430497	1668
206790	607
4430498	136
4333379	25
327076	1
357471	2
335097	2
348561	53
315496	4
523099	11
365492	2
444791	1
579431	24
189076	1133
564188	1
247883	61
586562	202
516966	2
509838	14
41628	110
321331	56
188187	15
322223	1
157894	42
349459	11
323115	1
197099	1
310642	7
102049	4
621700	58
211743	670
304408	9
262631	3
341930	6
290253	20
273325	1
302629	2
262633	51
351734	2
344607	1
4327141	6
1733364	1
1106892	42
193139	1
2683271	1
343719	56
164629	1
514192	2
4453773	4536
515088	3
4429719	7
327088	2
356590	24
189083	1
941087	45
526773	1
4095596	29
277293	16
510233	1
133341	10
739826	2
313324	7
213533	3
310653	4
304416	22
266203	1
792399	6
176212	2
531722	3
236801	3
440840	8
181560	1
321348	3
175323	2
355305	3
185126	1
344615	1
272444	1
204629	12
210867	3
263535	1
198998	249
192255	48
3838014	317
521927	1
264429	2
4369131	3
196815	15
817241	1
44311	1
195929	1
548161	3
1030770	3
308386	2
229088	8
338781	21
228199	1
217100	21
269285	1
863682	11
4380322	5
312440	8
268396	6
4450711	46
332043	2
338786	1
305313	2
226014	4
316006	1
577674	1
302641	53
508968	56
240271	45
211761	20
316008	40
131571	4
316009	3
355312	6
531730	2
167311	105
523712	1
305318	6
265322	2
177113	40
217109	13
325910	55
304427	9
1129180	224
186024	1
997439	5
232257	616
194043	24
433722	78
174441	31
300865	1
175333	1
276016	2
3172949	1
761712	3
364227	1
271563	16
193155	4
570049	1
851704	2
186028	7
230479	4
171772	4
262654	22
574604	2
194048	21
263546	63
180684	21
3409355	16
262656	20
3851391	4
195931	1
198604	124
325918	3
564806	1
841907	3
3409358	1
582627	2
99173	7
195934	340
1108699	1
318194	5
818144	6
14920	1
805672	4
4341023	1
229097	1
349482	1
635495	3
569660	4
1112757	18
922397	12
526794	10
528576	8
547287	9
329884	2
206421	1
215331	1
1136916	2
4390134	14
338796	1
100296	17
268002	19
258202	1
2371945	1
275131	2
362450	7
312455	2
398597	8
840027	8
870421	1252
301765	11
412249	17
311566	20
154850	11
327704	6
562038	2
730437	11
515707	3048
471157	17
326816	2
851715	3
275139	1
196831	2
1736067	2
333948	6
262668	8
334839	17
333949	2
298408	1
591548	5
154859	65
309290	4
1517779	3
195947	65
2354022	2
3920500	1
4348664	2
369090	2
1112762	19
305330	1
102084	4
214450	7851
4379957	602
1110988	108
4401628	77
303552	3
234054	24
589277	6970
323154	48
210890	1
337511	17
523731	2
326820	5
267123	1
344641	1
176242	1
576400	318
322267	3
192281	1
191390	1
358007	83
356226	23
178026	101
192283	3
260890	30
299302	12
351773	1
300887	2
345536	1
466811	30
530866	3
3943182	113
269902	140
594227	4
586208	48
264459	1
262677	21
555917	7
1134151	2
1135042	24
110706	765
519680	1
1569569	16
52362	5
4477971	1
4379961	1054
102090	3
659671	1
528596	2
349100	23
320490	2
124470	193
259111	22
275150	1
315147	3
4365209	3
330294	2
4296701	46
112891	168
217139	1
276044	5
365145	1
192291	7
319704	17
646800	6
355344	1
326833	1
317923	1
212686	9
276046	30
850841	31
851733	1
543348	1
175365	10
266247	7
342873	29
271593	7
328617	79
547903	1
743923	1
269911	4
157546	151
582652	51
319709	1
1908049	1
523749	1
277933	1
4378081	146
571966	1
2034070	2
369709	3
261799	6
293975	1
270303	24
1835985	1
180314	1
4349573	98
4467186	1
29205	1
4388880	1
2316624	1
519692	2
3115852	1
539296	2
3563235	3
1105659	9
207340	1
1871227	10
214471	3
553150	2
259120	25
311591	1
276050	11
3176547	1
703731	1
177150	6
471180	18
561171	4
258232	1
544243	10
302683	4
276052	2
513950	3
354461	4
4352747	3
356245	1
540682	2
292094	1
531773	12
355355	4
222497	18
348227	84
266255	8
238635	2
345556	2
309916	6
334864	11
530885	2
199532	11
345557	182
328628	1043
265367	23
183395	23
353577	3
574644	1
158448	1
184287	2
2051608	4
175377	14
335757	17
383971	4
299326	17
273388	18
672655	42
199534	24
593357	1
342887	1
325958	3
198644	566
111613	1
198646	1
102704	5
277946	36
350502	6
1106550	5
295768	1
392887	6
198649	2
190124	2
909065	2
270317	8
4316113	1
3465233	3
511180	10
2874602	3
4460560	2
192906	3
290917	2
233191	6
95256	21
4345624	1
304472	8
329520	1
1652947	3
703741	94
4444529	6
568410	254
313387	1
306259	1
334870	4
335762	2
50208	1
299331	1
346455	5
521982	8
535348	1
354476	1
336657	13
721569	14
523768	1
293990	5
187962	1
555945	33
589903	3
289538	13
367947	2
4459184	40
271214	9
819081	20
351405	3
360315	13
3342180	5
182117	8
1123492	597
182118	3
261419	2
4329995	8
260529	1
1107458	2
3439403	70
1107459	7
1720567	1
4217226	156
193807	1
447141	13
526441	1
4355436	1
314284	21
4480176	125
337550	4
784040	8
275180	11
561193	4
827702	1
178064	110
165591	49
50218	2
353593	22
178068	1
347358	1
575553	7
132122	3
264496	2
320123	1
230132	5
274297	61
364289	9
211422	18
593376	12
272111	1
383992	285
183012	1
187973	4
530502	657
377756	153
263203	21
231028	354
113417	1812
330921	4
1107461	2
350523	17
342504	4
277967	28
179958	1
269949	24
1135084	18
195998	1
110748	2
260536	26
1108356	15
173218	12
322906	8
181239	7
4479793	2
3009852	1
291823	102
3750373	1
4418700	2
560906	10
1105687	153
4356331	2
372906	103
4421276	2
815132	2
291828	13
830280	1
1111522	17
349142	8
306275	2
364291	3
30622	4
349145	4
414089	312
834840	1
345582	8
275194	33
346474	50
524676	1
98948	1
347367	2
712677	22
106698	58
4395648	1
844645	4
397363	99
336676	154
589920	1
559527	10
297574	2
197782	20
297575	2
335789	2
219959	4
825939	1
199567	1
395587	1068
269956	93
289559	4
160750	3
1107473	2
187989	6
194710	99
323807	1
274901	1
260547	3
233817	3
192930	94
4308127	85
561808	4
1016598	12
4356342	2
36378	3
404292	1
305394	88
4336746	1
349153	8
206494	24
276091	2
518444	6
239562	42
535375	8
1110647	25
515774	1
407963	43
311230	1
588045	2
584481	10
320141	2
851782	122
199572	1
304106	5
589931	2
214116	5
898217	40
585377	186
351430	2
520720	22
262331	1
332720	8
182142	1
198686	2
367977	47
289569	7
189778	1
4407030	2
278879	12
382721	5
323818	6
1108377	3900
274912	57
330947	3
1108378	12
260559	1
185814	5
193833	2
294518	1
25695	10
307180	1
4336750	1
2499530	5
1110650	1398
849110	8
4435655	7
3150250	3
258280	60
337580	2
259173	2
258283	5
336691	41
858026	3
2250345	1
4433878	1
336696	1
369763	1
74407	3
303224	3
727946	1
335401	1
298486	2
343422	2
301447	5
350551	23
322931	1
242741	3
513605	7
332732	651
216902	746
296302	1
271255	12
173245	75
314915	3
484304	180
422727	1
186711	4
182157	7
195622	1
191068	2
3903651	2
351449	3
573407	15
1844553	9
193844	1
292745	2
96194	5
3323110	1
275819	12
3857426	1
518460	5
4416954	4
4476751	1
2366688	1
4389435	1
349175	14
4376963	1
746661	6
1010876	17
312140	653
389371	32
4372003	135
298491	5
535399	11
408877	23
268099	184
4296778	34
579159	1
345211	2
312145	21
549756	223
577377	2236
105434	4
313037	38
269983	70
542126	1
264134	6
331850	2
340761	1
346107	2
342543	4
574302	33
114348	79
263244	13
197410	3
531436	52
355019	3
273047	1
174146	1
287402	2
175037	5
270375	32
265029	22
366702	31
263248	1
344329	85
584107	17
334529	3
455805	16
364926	1
176925	5
1844565	7
4314397	1
462939	18
1542014	5
1105326	67
526490	67
319780	1
1105328	222
517583	6
586290	10
328693	1
259195	1
846464	1
747563	2
2750316	19
99879	3
539962	1
797560	1
313044	2
655793	85
95910	1
303244	1
4440624	1
305026	2
265030	8
301462	2
344330	5
269992	2
265032	2
524313	4
359984	2
133065	27
336313	1
325621	1
910118	1
1904161	2
208901	20
343442	14
347007	1
223059	513
183064	2
159007	5
265036	42
335426	1
524318	31
306914	31
346119	1
331863	380
287413	1
276721	1
454921	1
642922	5
270385	3
199205	2
271277	41
250784	22
196533	2
4390839	1
376516	4
191089	2
189406	2
278506	9
180397	53
592139	34
290983	5
4457064	3
1111570	1
2510541	2
519374	2
319791	6
4344400	1
579174	4
2216519	2
207023	7
204352	5
3392840	7
567595	69
359993	1
107235	27
345231	23
541252	1
530561	4
318503	12
167034	3
698676	2
270391	7
214159	31
370183	67
434336	5
614318	6
271283	2
921813	2
272175	6
3392847	74
360385	1
308707	1
258910	1
366722	5
157238	264
434339	279
2808640	4
165257	114
188523	1
522549	1
441468	1563
261486	3
560962	1
351478	2
232975	18
2808643	43
179616	1
172389	1
199218	1
169815	6
314949	30
366727	170
266935	17
184966	3
383659	10
529180	2
4327881	597
1111580	198
99891	1
4476780	110
769961	1
307820	1
265052	1
4370257	115
4480841	4
4343528	538
4334618	77
688883	48
302377	4
317623	1
342571	10
355045	3
303269	1
300596	2
547601	2
102794	19
536910	2
896489	3
174174	1
323862	5
316734	55
268720	2
306934	1
157246	4
146554	146
427219	993
520775	1
358712	1
342575	1
349802	2
335447	2
237438	4
156357	2
335448	1
457614	8
315846	131
340794	22
592156	1
589989	1
352378	6
272188	13
584137	16
326539	1
183089	1
260200	7
384555	6
268725	116
178735	3
260201	3
2978043	2
176955	1
274965	23
269619	15
349809	8
266948	4
260207	9
15540	7
849160	2
529192	97
4306004	10
32471	33
758280	1
1067143	19
191703	1
215060	3
190815	12
4435305	2
206154	1
346141	1
4375710	1
311293	1
339013	84
4435309	4
4354229	2
4393532	4
408513	894
265063	1
354163	24
305059	6
317633	1
2289806	1
99508	14
272192	16
592160	75
548503	1
468313	3
233881	5
301498	169
314963	1
269621	3
534149	1
259820	1
268730	1
163494	1
254376	3
112201	23
316747	4
361297	2
327439	21
175078	2
581474	14
560981	7
563654	22
197453	4
307839	1
450399	2
580585	6
262399	5
177855	1
210218	1
3588390	1
188548	8
270015	8
277649	10
193895	4
194787	1
275869	220
1106254	51
1083194	2
908873	1
1143784	1
3547900	1
827794	6
370809	181
1110312	390
4414822	3
817995	21
1109929	54
347043	1
338133	1
302395	2
592170	1
313089	5
343483	1
726712	4
337246	1
4020502	7
334573	2
308734	67
353285	5
322991	1417
279431	1482
421893	6616
164395	1
189443	1
196571	4
366752	1
276761	6
568118	59
196572	2
197463	7
184990	1
297256	24
154598	1
188556	62
1624030	2
782953	1
301109	480
268747	503
360015	1
571689	4
196578	36
276769	1
184996	10
185888	1
291512	5
1105376	47
1128644	1
2810953	5
1138448	1
193509	6
4407703	10
4416614	1
181927	7
527032	3
339031	9
427241	20
313095	1
337252	1
418334	22
316761	1
522582	7
821067	1
4442459	13
710584	2
317653	1
532384	21
114000	14
105498	3
278550	6
531495	14
592183	1
113111	73
333694	59
569017	25
326567	1
167078	16
333695	49
276770	11
148368	1
301114	2
198363	6
275881	1
270030	1
199256	4
275882	13
259846	1
310028	3
130048	3
350224	14
266976	16
276777	3
180045	3
510607	1
133719	21
4306036	21
273705	29
550807	5
174805	93
4401375	156
263907	3
290637	2
273708	30
263908	1
329240	473
899195	2
4466621	10
29937	14
347063	3
4298224	10
345282	5
229452	65
315880	7
575261	1
836325	4
344394	1
4386437	6
846127	9
843454	14
298163	21
528933	6
4393568	91
397065	81
335488	2
308759	8
589622	7
296385	1
112234	7
278566	2
111344	8
498743	1
269657	2
341322	4
297278	1
369449	65
352014	28
342213	2
262024	8
105109	22
320831	1
196597	1
321722	10
161343	55
259859	222
294202	1
110458	7
1107175	85
320835	35
550814	106
581109	1
4419301	3
185505	1
190851	7
16477	2
1112121	188
361927	26
182837	1
339050	12
191749	1
4430891	1
854151	2
308760	31
4299126	1355
419245	29
306980	6
4366843	3
158183	72
319455	3
458550	67
208972	1
527059	6
585073	14
307874	1
198380	4
1054318	51
199273	214
958505	2
511510	165
199276	1
521313	5
270051	2
848915	7
985239	15
350242	377
259866	117
331532	6
1106290	71
710208	5
782984	434
570421	3
179679	7
205904	277
320844	6
321735	115
180067	1
340447	2
586968	42
1108078	1
270059	67
162249	1
273724	2
194425	1
562408	72
303919	416
272834	36
181953	12
274619	2
1813954	14
4396250	3
4416646	4
2599028	2
347082	1
846141	3
918313	6
4417539	138
2283111	2
826541	27
1112139	12
299070	2
527067	7
2283112	8
337285	1
40149	3
199281	2
844366	5
4430503	14959
258980	36
349862	8
269673	3
300253	1
210262	8
227697	76
267892	2
254021	3
349864	11
539647	49
332430	1
882782	24
696563	94
163142	123
544996	19
366797	1
334215	8
196210	2
513307	1
350254	2
231752	1
152453	2
312833	12
450047	73
275511	4
350256	2
331545	1
276402	5
520439	4
276404	259
421538	26
180077	11
296007	1
452823	40
181961	18
3206495	63
274627	24
4356062	55
182854	50
273737	26
1931575	4
165927	52
1105016	38
593709	2
328380	2
25005	1
329271	4
4407747	1
2766548	1
328383	1
329274	723
318583	33
3957916	48
4483585	3
659047	1
844375	4
547673	1
4366867	1
515498	2
743693	6
308786	1
657266	454
799034	233
208996	1
842596	8
1066913	83
565495	2
578960	1
333330	1
307898	33
4360128	1
101572	1402
261161	2
279487	5
258995	16
311950	9
180082	171
163153	31
331553	1
589657	1
169897	4
536989	158
277303	1
304825	6
214835	2
185531	2
177512	8
276414	8
272850	4
562425	2
193551	1
273741	5
206817	10
346804	1
345913	21
232658	1
233549	11
174842	163
363735	1
295128	1
264835	5
311959	23
192664	38
182864	1
362846	1
584804	3
4339144	18
194449	2
1105026	10
329282	4
738351	1
1602307	1
45610	5
845272	6
1110378	2273
577082	101
318594	1
566391	23
338198	1
4359749	2
130091	1
343140	2
336012	875
349884	1
332450	1
110492	10
537886	1
313741	2
988932	8
180092	4
234443	47
311961	2
321762	4
555304	1
697479	1
570451	3
340474	4436
367304	1
266621	2
261177	21
350277	657
207718	3
291571	3
275533	1
195343	1
544616	1
791522	3
320876	87
276425	11
321768	5
258607	2
362854	2
4356080	57
191783	4
174854	4
298803	1
355728	12
298804	12
192676	3
173965	90
2419864	5
2311550	1
22352	1
1105038	27
517293	171
21464	3
2987636	1
4296496	17
439880	224
529873	1
4030375	1
716984	4
308400	2
349892	60
798164	100
210292	40
333351	1
574021	28
327116	2
317315	1
261183	3
268410	52
590062	1
196240	16
270094	20
555314	3
340484	2
332466	1
314646	3
331575	4
321774	30
352069	10
342268	2
340486	14
431368	4
295144	24
259504	55
197135	4
183770	1
276434	3
261188	1
4381639	1
274652	4
313757	78
213966	25
259506	9
168625	27
183773	1
353954	138
443945	343
192684	2
277329	7
197139	31
196249	85
4309760	36
182886	1
388808	60
509285	1
845291	2
1777569	7
617098	2
3198310	1
3156335	4
2256425	50
523140	763
3550159	1
1107829	40
4206904	1
309302	317
237134	2
333363	5
580270	8
844006	38
4354915	1
537503	6
237138	2
324456	3
277332	3
312874	1
356632	5
279115	8
354850	6259
296045	1
179325	4
364653	1
272880	11
268425	61
348617	1
258626	3
527709	1
355746	5
353964	11
275557	2
792436	11
542857	6
182893	3
158836	7
390497	427
273778	2
161007	1
22371	115
4401045	1
290308	1
4244333	1
316440	1
228232	2
336043	3
301195	6
328024	2
566022	30
325353	9
137353	1
843124	15
209524	45
510683	40
109733	17
205962	4
262095	11
339712	1
186460	1
94758	1545
845900	8
587510	93
590085	1
577710	7
164088	2
305758	1
275563	562
193591	234
292493	1
347735	1
187355	1
186464	7
311997	1
592860	1
813729	3
339718	6
277349	4
158846	23
111019	4
110128	9
293389	8
166869	1
272899	2
192302	1
583958	2
271602	91
4440360	340
54563	14
170926	19
318231	54
4335229	1
204088	2
339720	2
439512	2
189142	16
529506	2
296064	1
333387	4
179343	60
296065	1
293392	5
558019	6
368236	22
234488	5
159743	24
588414	23
340111	4
259536	461
176673	6
263992	1
356657	1
576833	9
337946	7
461795	111
291211	10
175789	1
350910	6
4418496	17
163800	3
1128341	1
289938	1
270722	30
230528	6
180731	53
162913	1
4201482	1
13485	2
360717	1
1108745	51
260927	3
808794	8
1108747	404
98332	4
180738	10
204093	24
424270	67
557130	3
308444	6
344085	2
109753	12
339730	2
269342	6
343196	64
554463	1
348642	22
355771	1
589313	1
277364	13
195392	8
641783	85
179354	12
354882	1
365574	27
188266	1
198067	3
562486	2
338845	9
349537	37
299741	1
582089	19
196286	2
363794	1
160140	251
355776	1
295188	2
347758	2
265786	2
211820	3
276478	12
301812	2
196289	78
297963	7
174500	1
302706	1
310725	19
352702	2
191432	2
270733	1
381219	38
184309	1
290338	161
4318314	1
361619	3
191439	6
4318315	25
4318319	1
514272	1
335181	1
4375442	3
326271	14
1110037	1216
308451	44
720093	79
207770	50
1111921	1
43899	1
548233	2
1112814	8
334296	2
434089	243
346870	35
295194	1
100351	2
275592	6
546456	3
539328	94
313400	3
534874	3
276484	264
197186	2
265793	5
259557	1
573189	61
544678	1
337966	1289
330333	178
348659	342
178478	50
112931	1
312515	19
541602	2
360730	1
340139	2
184314	1
351823	68
191445	134
531808	2
182537	6
263618	1
294905	47
4301298	243
1876119	9
319153	2
514282	1
392918	2001
4446732	1208
4446733	9
308463	3
404691	23
808414	1
537550	1
327176	1
319158	25
269362	2
4446739	10
610111	2
296094	1
288075	23
269365	1
259564	1
848615	3
324104	4
277388	4
741599	5
200157	44
511216	12
847728	48
210950	1
355798	1
301833	2
105813	85
578649	27
184322	2
343811	2
114725	8
193233	5
310748	4
400739	131
580920	33
530926	2
4315660	1
581814	1
352728	35
4422580	6
530928	17
270758	13
4425256	1
196905	1
66188	469
4446740	89
309361	42
1078587	2
309363	467
317385	6
416286	29
416287	8
189181	1
449353	403
528653	1
527762	8
2050168	3
357582	1
4428929	8
1104817	43
579541	25
347783	2
4373689	1
4390211	1
306699	2
348675	2
321440	1
4398738	2
512114	11
332132	241
249776	1
137004	1
269378	1
333024	4
205613	5
188299	8
194130	1
235017	4
102159	9
320553	229
511229	61
331248	1
303627	6
193242	16
265414	14
330359	4
560336	778
160178	298
190572	1
353625	1
275218	6
592514	1
292148	2
573803	12
1678333	2
196913	7
1107895	45
295815	3
1751298	3
2897325	132
833381	4
842291	2
2368865	346
3055324	1
446691	153
179392	1
358483	1
743396	4
2883968	25
314320	15
521033	221
323231	2037
269386	148
276110	3
571031	8
338887	16
567974	7
306306	4
443620	1632
363430	41
305417	1
523811	3
157611	3
522921	11
353631	16
298896	1
121873	2
353632	2
276115	6
524706	2
274335	3
264534	18
230578	5
450755	17
264536	41
344726	10
164744	47
372348	1020
1109685	1
352747	1
191476	1
530947	22
4307661	8
19873	3
4443094	9
295824	3
281469	23
351859	1
662917	39
2897332	3
296717	5
287808	6
1062061	8
4465473	1
309382	12
833390	20
1106614	84
30067	1
2085032	1
42642	1
4455677	1790
519763	28
1111965	2
513021	2
1140477	23
579561	2
519765	19
315220	26
26608	2
110192	93
340170	1
312550	2
365220	1
110196	4
336710	52
194151	3
463233	5
177222	273
222566	1
291272	7
525606	1
178117	4
327805	3
271672	41
163862	2
187028	2
166535	1
191483	361
195047	42
198711	7
334935	5
301869	90
4425280	47
297613	1
327808	74
193268	1
262766	3
183467	81
191487	2
196932	2
273459	1
270786	11
172777	2937
4477062	5
296726	69
197825	18
47100	129
14035	52
188919	1
629361	165
4395096	3
518881	256
339791	4
4403504	1
322360	1
358100	1
333053	61
332163	1
325036	1
305434	12
267220	12
111098	6
354540	2
364341	9
153075	19
267223	1
292171	2
134365	1
348304	4481
266332	129
332168	1
148722	1
191490	5
203865	30
301876	3
184363	1
263662	1340
363454	24
851822	4
342962	58
343853	197
345635	16
1646183	1
191493	11
177237	4
345637	1
584524	43
229808	5
278912	3
583635	1
175458	12
387615	143
193279	1126
343859	1
290399	1
287826	1
271689	10
190207	9
11376	7
1122673	8
180408	4
1043378	18
1077336	2
102192	1
1099710	1
306330	1
4303724	1
518894	49
316132	30
2277614	20
2851419	3
241290	6
322372	1
358112	1
213671	11
340194	1
569786	1
323265	1
355440	5
177240	4
300990	74
349204	9
195061	180
321484	144
324157	24
540770	3
268124	16
292181	7
303666	1
553245	11
268125	7
183480	1
470382	13
355444	1
146950	14
351881	3
356336	16
350991	1
269019	80
259218	32
328717	1
162991	2
336736	1
292186	1
4337090	45
577406	8
276149	598
326936	363
192396	3
334956	9
261894	149
352777	10
196951	4
1902400	2
4369272	23
290005	1
278928	3467
1108422	21
110817	1
1105751	52
1703712	1
260607	1
1000113	53
559991	1
235065	1
430194	37
276151	12
815207	1
216356	20
366143	163
158540	32
186162	2
326940	51
411486	15
184381	7
311695	2
169234	19
304568	1
215468	1
366147	1
526527	1
339417	4
277047	1081
584541	217
537219	19
337636	36
276158	2
564941	3
178148	8
352784	13
327837	1
188940	1
319818	2
272595	32
278931	5
194187	23
461487	546
184387	5
318928	1
295861	9
183496	763
263687	2
4308591	395
583656	10
111712	4
299428	29
352789	26
289627	10
164788	36
180421	1
310409	1
189838	5
172403	18
1106654	81
309020	6
4358599	1199
317041	3
4402645	1
2740953	27
4357307	7
571081	1
333085	12
314374	24
413275	22012
178151	4
578310	1
274380	3
571083	5
314377	1
144196	2
804526	12
527425	95
532771	11
454363	5
303686	1
4387706	1
348336	65
354574	1
346556	1
4409280	2
1905494	1
592572	1
189840	2
293097	1
175485	6
264585	12
300611	2
155884	1
355468	42
397444	141
295871	1
346559	1
189843	1
531888	5
336759	70
261511	3
300618	1
819181	2
160830	1
183106	1
300619	1
370217	9
295879	11
292801	1
45363	57
261519	1
350619	53
45365	6
97142	7
2066374	37
700181	3
292807	1
4413347	1
4465124	6
1513957	1
4357315	229
304580	23
4363553	2
207462	4
356360	3
333096	4
355471	1
177271	1
276172	5
821465	2
452592	1
268155	4
353691	16
339435	81
323299	4
277066	14
265483	9
185294	1
515855	6
259247	5
299441	5
811667	3
277068	1
564961	1
187078	1
259249	243
737816	1
275288	2
463289	190
851865	1
320224	12
158569	2
380021	12
326968	37
2901240	6
110842	1
321119	1
272213	178
190242	1
270433	1
332803	2
370225	10
341713	21
271325	1
162623	1
4414240	1
332805	8
1035392	16
188969	75
350626	5
390820	38
4414241	85
4414242	1
520808	3
97151	3
513080	1
4463352	1
209251	3
4460680	1
98048	8
317065	4
2198356	13
609413	2
325085	50
309048	1
347460	2
259251	15
526552	760
346570	10
4352875	9
215495	15
4468805	2
354591	2
178173	26
338553	32
403497	165
563086	1
554176	1
275293	1
349246	45
186194	1
4060124	2
518538	1
604966	8
319847	1
298562	3
535469	1
399245	21
369843	1
318957	2
344798	1
196991	1
318959	135
183121	1
198774	1691
351522	1
342612	137
189867	1
253513	1
181344	1
287879	214
1106683	3
110858	8
162639	99
373909	55
317073	18
3203801	1
325098	1
731493	2
207487	5
848315	1
178184	1
335891	4
168383	23
337673	4
4483963	76
232030	5
355494	7
228972	11
157693	1
267286	4
269068	86
365297	21
335895	8
92316	2
197890	3
344400	3
514988	5
2061549	1
104622	1
336789	1
4200918	17
302426	4
2550809	24
111753	11
155511	1
270451	5
1108470	197
265106	2
320249	60
166206	3
198788	2665
189879	5
351536	79
195711	1
520827	9
165318	24
4404461	1
4424063	1
530629	10
196604	3
1107586	141
190268	74
186804	3
180468	14
171559	424
561916	10
2286580	1
580629	1260
4412487	1
306391	1
109481	1
291949	1
269070	1
4343981	24
1110752	15
2865835	84
277090	31
2438948	2
518552	3
259271	11
766351	82
158591	532
259275	1
326991	5
366195	30
515883	60
579244	8
304211	1
303320	8
269078	3
348377	2
2075910	2
813479	19
229874	83
320250	109
410242	899
328777	106
400443	17
258389	70
274021	1
158598	3
113542	130
103742	1
301544	3
587269	2
345303	1
189884	2
332830	1
977628	1
107308	6
210665	2
332831	7
265115	1
261551	8
264225	1
271353	2
183144	3
301548	9
230268	8
344416	1
340852	4
513706	8
192055	70
110876	1
182255	2
4309131	2
340853	20
161762	103
333726	1
335508	1
334617	1
263337	10
271356	19
3752280	1
4309133	1
194830	1
276802	1
260666	2
291950	4
334619	4
187703	1
1127197	33
275913	1
195723	10
373923	55
309070	3
4309137	9
276808	32
160879	12
1106302	74
187709	1
195728	3
373928	633
194839	4
109491	10
4356466	1
528362	4
527473	1
4299543	2
99964	3
339473	1
216010	1
327891	1
1110766	3
529258	33
4299547	1
268196	1
347496	1
753891	3
206213	13
469663	16
4342704	25
199692	5
830014	17
560042	5
586387	5
111771	44
344422	1
324820	10
312247	13
520840	60
300665	1
341750	2
541334	39
274035	8
260670	464
162660	102
354225	145
199698	1
231169	2
353336	6
166226	298
352445	43
364029	279
177910	1
531539	2
350666	1
198404	3
353339	1
193950	6
145737	17
287506	1
182269	7
350668	9
287507	11
267905	6
193953	1
295527	2
260679	20
197517	135
177917	1
308191	6
185937	1
309083	1
373939	5
4339547	2
4346677	22
269093	21
348393	4
4478646	1
874183	1
838544	1
329688	1
799443	4
356011	270
4430922	115
356012	9
551141	1
549866	1
305127	31
4442508	2
228601	9
192070	56
552035	2
697874	3
322059	2
610842	43
304239	14
176034	110
779847	1
307903	1
287510	1
261572	2
272265	1
158217	10
352455	1
187720	1
233953	19
261574	9
157327	263
178811	2
652823	61
325728	1
296424	5
271378	1
192079	3
571744	18
2978122	1
199307	2
4448250	8
293754	4
278609	435
4315396	154
194858	1
4426873	9
715492	1
1021682	8
719058	3
589071	3859
4346687	16
46910	15
3028318	9
2265722	14
519478	19
1028915	18
4369956	47
589076	2
232072	20
508788	207
515511	1
313155	3
345330	6
579278	114
106444	7
351570	1
264252	2
347115	1
263362	1
541354	4
332860	2
345335	1
312269	5
574421	6
672431	142
273164	47
333753	1
348009	1
301578	9
175155	67
364048	1
520864	3
831922	36
135952	261
326626	32
157338	1
162684	127
342666	3
130103	1
186841	19
289306	18
341777	5
135956	24
179715	1
324849	29
291982	1
197537	17
4447372	24
197539	2
277729	10
180105	2
194868	2
2565100	1
180107	5
381979	173
4367187	2
52163	1
4303423	1
2383341	14
24546	19
510070	164
320291	1
356030	3
310490	5
321182	1
588197	18
444241	26
317720	12
530670	2
300694	14
672440	1
289310	9
211595	2
354256	12
174274	10
310499	11
298224	3
524439	9
174276	107
561961	3
297334	3
484444	3
259912	8
586019	3
368615	3
273179	1
186851	4
385545	5008
333768	55
269716	1
511969	8
267935	1
259916	1
295556	2
396239	1213
390896	103
178839	1
186858	10
2318202	8
2203165	7
44151	3
1105454	200
22771	1
4314125	2
1921813	1
4314126	3
190913	25
769075	30
579293	1
1144764	2
1921816	7
4035247	5
828776	1
1921818	10
798581	396
91486	3
337331	1
514640	2
309710	3
4058515	38
401384	1472
716006	56
329313	3
321195	1
888575	10
4189999	3
206256	12
335550	21
176062	4
445144	11
263380	103
322087	893
355154	13
328424	38
184083	1
335553	3
348027	393
354265	1
585133	2
326644	1
263384	1
300300	69
168047	149
4407190	2
144884	1
343577	65
538805	57
155577	2
324867	8
350300	2
295564	7
374863	8
196664	1
269726	9
350301	1
292892	4
199337	31
288438	1
366846	3
198449	1
875709	13
187759	1
194888	2
1713225	2
261208	25
4134150	4
261209	27
3758679	5
2923307	1
728991	2
208042	21
191816	70
4043275	1
2724618	3
1110412	78
528013	1
4335624	1
525341	1
988375	13
309720	3
266061	1
356052	474
176071	1
3583645	1
203594	1
568211	1
263390	5
525344	51
168054	19
356055	221
274083	1
576232	25
437137	2421
681370	1083
4390972	36
265175	42
4226929	217
348038	22
543168	2
233991	2
815913	2
213399	72
578016	126
288442	6
268841	1
233993	4
279534	1
227758	3
196672	5
351200	2
178852	42
262101	3
832848	1120
112316	14
275974	5
260322	8
111427	1
349929	4
340514	1
320912	1
161423	134
1017263	1
185988	1
1106364	2
4479581	1
320915	4
2018852	2
272905	5
42395	64
306062	5
193609	11
272909	1
191829	1
306066	5
1094991	11
569110	17
339133	156
305177	4
4334746	4
4363259	1
558420	139
265182	123
326662	291
548621	2
355175	2
541394	2
521792	31
202310	1
296470	1
278650	8
584263	1
346267	45
347159	2
335577	1
336468	7
439924	8
199354	69
264298	701
344488	27
344489	1
186881	3
396266	41
324888	4
587933	2
321811	55
131039	5
186886	17
275987	3
196689	1
230933	1
110549	2
193610	1
580305	5
4313262	2
4446120	22
194504	39
132929	762
190946	11
4328515	1
838200	1
207174	13
4357029	1
168071	2
524471	2
4334755	20
356073	300
325780	1
1111328	3
4341886	2
157382	3
158273	13
820287	1
346275	5
347166	21
529921	1
574471	2
826624	52
627932	1
114111	10
338258	972
355187	86
324894	701
245595	93
265197	221
315985	1
325786	3
197581	2
334697	3
229559	3
211234	2
522699	18
334699	6
287576	6
619919	66
268865	56
322711	1
278667	69
358858	1
177986	4
197589	1
294302	5
214904	41
350337	10
321825	50
581207	1
151647	2
322719	7
185604	55
561607	305
195406	1
1016398	5
4428313	19
291637	3
183827	1
3682570	4
1682176	42
47862	23
4379411	1
4329416	2
4395450	5
191849	5
4324964	5
4449803	273
4475642	17
2185597	2
308860	2
216097	5
827522	3
306089	35
339156	5
316882	1
772282	555
107398	11
325793	1
355196	11
204111	12
525377	1
355197	1
525378	4
565572	2
345397	5
187790	1
344101	1
585178	1
227788	1
178882	11
297385	1
353012	126
351231	707
278675	121
333412	3
296496	4
276894	6
111455	3
582101	4
786646	243
341433	2
537959	146
353017	4
322723	6
344108	3
360147	1
620319	302
374503	6
340547	2315
270158	223
196305	3
323619	3
181059	5
350349	100
592901	20
354905	891
214919	98
184725	10
1584173	205
306091	18
272938	3
183839	5
192749	12
608244	8
327581	1
316892	1
743781	1
158297	1
347189	2
238487	8
565585	1
349963	3
388276	39
558458	1
278684	1
204126	10
995147	2
546876	2
300355	2
512512	2
335203	3
269775	8
107009	1
350351	1
179785	12
180171	1
269777	4
305803	1
279579	6
146314	111
612308	30
344117	33
313823	98
572313	1
333426	27
186510	11
133843	1
197203	3
196312	6
354911	12
262148	14
251456	795
194532	1
187404	3
166911	54
320957	2
354914	11
275616	35
290764	31
462727	194
276509	6
1111350	31
190975	25
1106006	23
183849	1
290769	3
592917	9
4359831	2
4346368	8
577170	444
4359834	2
515594	1
557570	20
1051764	16
299184	2
279582	31
834677	12
4250634	1
259983	3
335212	1
353032	1
288496	2
512522	3
85903	15
557578	7
216710	31
324522	1
172161	1
263044	1
351253	1
4461904	1
324524	3
306704	1
172163	7
4481506	6
366500	4
277400	2
553611	1
582123	19
276511	3
334328	1
260375	7
196322	1
325419	1
271068	8
350367	190
331657	2
195433	25
331659	356
266715	32
272953	42
275627	1
355817	1
292556	1
3841096	6
158908	1
4346374	1
182967	1
528071	76
519162	1
339180	1
190987	3
4476561	11
4477455	1
209990	1
586093	1
829337	1
318695	3
4379449	188
4387469	1
524111	1
798253	210
833795	2
104352	10
4375889	1
815977	1
302156	1
337004	5
210383	3
44827	2497
129401	87
112374	4
180190	1
311068	1
368698	3
326315	5
340572	1
104358	3
165046	18
330772	86
181084	9
262166	8
347801	8
342356	10
320972	35
263057	18
307608	29
207816	9
275631	1
267612	32
261277	1
355822	1
264940	4
334339	11
177623	1
264941	10
260387	17
560753	8
198118	2
288109	11
184753	3
195445	4
168716	2
266726	1
4329450	39
381666	3
4315097	1
346918	2
592933	8
191884	24
730939	114
175847	5
194559	1
362958	2
192777	9
191887	1
174958	10
2653002	10
749151	263
927352	4
1141770	1
2224336	11
518287	22
302160	3
667184	11
2920309	11
2851803	1
729559	1
112382	1
548686	33
343251	1
316521	5
77904	1
4331736	2
351272	2
350381	6
262173	3
574122	2
113278	9
269401	23
353057	1
134762	5
415427	8
526902	2
348703	1
296134	1
306728	54
321875	51
194562	2
260397	2
365634	11
296137	2
194563	35
312967	18
590168	4
561656	1
571458	2
355837	1
184765	5
259609	20
275648	2
196349	5
193678	28
193679	1
299807	47
3963289	1
509383	2
4457872	216
2037235	1
2032782	1
4434203	5
43950	2
976470	665
4387488	3
548692	9
107044	5
139221	1
319203	4
352171	5
300394	2
523244	4
325442	1
4325509	5
311087	8
522353	71
325443	3
760350	3
344154	2319
395040	123
343264	1
350392	4
263074	10
513445	190
4056429	40
207833	1
316535	7
423455	2
349602	2
4365707	2
189222	15
3275938	2
465433	225
564334	26
138338	10
276542	3
581265	3
583047	1
176751	2
316539	588
293473	26
258725	17
288128	42
462764	95
341489	56
179427	1
685614	1
269418	83
295258	2
195466	2
374557	209
258728	13
150412	3
354957	381
399606	54
174978	33
576919	8
191502	2
2921213	6
4317896	1
818672	1
4352242	1
204171	239
318320	1
712142	2
228330	1
303076	182
1068836	18
516126	1
510780	1
308523	8
352182	2
333471	31
4297107	1
4296216	13
351292	56
4226619	12
4296217	1
316544	44
831641	33
305853	1
4296218	6
822733	162
294370	110
4381755	33
277442	1
324567	5
110221	29
580383	1
292591	1
617806	1
199036	15
553654	2
259625	10
351299	5
186563	1
208739	66
3090117	25
332588	73
354963	1
299820	1
313878	1
1106050	1
561676	1
338926	6
178546	2
381694	226
354964	10
697208	16
855807	2
112009	4
162005	16
320603	74
264978	66
150425	1
260018	1
182603	1
230618	41
838281	11
290415	1
4368792	1
4399086	4
271705	17
1109724	201
827592	1
73371	14
4451152	1
192408	8
180826	1
1107945	2064
837396	1
1077751	1
4331760	31
1124877	1
4305923	253
416341	2
316550	2
701462	44
345063	1
826302	18
352192	13
646321	85
575041	62
826303	4
105287	1
4456606	1
307643	5
328137	2
4412849	2
304971	10
647215	231
335267	1
306755	4
823634	10
111120	15
289035	6
832545	1
822744	9
335268	5
276561	3
158950	5
326359	6
449417	96
588513	1
315669	3
368338	1
584951	6
231510	657
534957	1
550996	3
1749079	6
363887	11
569807	6
362997	24
290420	63
330417	2
593868	5
4452051	1
4354042	3
4412850	3
1726408	104
3016478	1
801260	3
262809	47
190638	141
190639	20
329032	92
10512	29
328143	27
3325758	26
514363	3
4357713	3
521491	74
4470870	243
567033	18
308546	1
532187	15
323693	259
258750	2
532188	8
356760	43
267660	8
1023806	2
523279	10
297065	1
339834	6
578722	1
341111	1
832558	38
279248	3
198167	3
527837	5
196385	13
179457	7
196386	6
185695	2
348748	2
176785	9
274795	9
339838	1608
178568	9
354987	2
193310	1
273500	4
194201	1
298954	45
640999	1132
569818	190
399637	59
430219	4
293104	4
321517	652
232417	1263
310826	1
4312071	2
311718	1
273504	12
174605	1
263705	3
3325760	1
261924	1
113919	14172
183517	1
48444	43
2835813	185
4298022	2
190649	281
1698008	7
1110135	21
309441	2
517044	117
3325767	9
4309509	1
336174	7
517048	17
198170	4
199061	10
797021	137
4437917	2
566155	2
276580	4
413695	8
110250	7
536754	6
359445	6
112033	3
565267	1
833458	11
332210	12
325489	147
306778	37
300036	2
546557	10
208769	25
215897	14
573287	19
268566	1
3251419	3
295296	150
583089	8
772972	1
543886	4
573289	6
342014	200
453896	6
233313	19
303703	1
195100	1
444987	35
562599	1066
214603	122
569826	7
333107	2
274400	4
593886	1
164811	1
290442	2
299858	7
173722	5
274406	2
292228	1
343906	25
261935	9
175508	3
361727	10
271737	427
1111033	382
190658	21
191549	30
4408418	3
1586645	1
3029968	4
345095	8
547451	6
228374	7
822770	15
860192	104
318366	2
563490	27
300041	1
197290	11
515279	1
887025	203
257881	3
198184	2
158981	1
350041	2
342022	2
349656	6
297087	119
299860	2
675863	2
953855	39
189279	2
571111	743
304604	2
311732	7
382220	775
302823	1
561312	6
314406	16
660214	15
196004	2
353711	7
272630	3
260058	1
311737	9
461524	2039
183533	4
142448	3
255704	3
344804	75
344805	3
184426	5
344807	1
174629	8
352829	11
4417335	400
318370	9
525082	2
4403974	3
415491	4
14106	21
726550	1
4359525	1
327284	6
198190	84
528752	1
268581	1
4453977	4
198194	5
659831	14
357684	1
528756	20
565288	3
103145	9
313521	1
568952	2
572010	7
376397	392
333123	4
585881	19
259677	1
216403	17
576972	5
310850	6
857639	3
313524	35
340254	14
576975	2
303724	1
84709	1
324219	5
274422	8
354612	169
195123	12
299877	1
375106	334
262842	1
310857	1
157704	2
194236	10
4436051	1
441934	122
183545	4
190673	16
4304085	27
245916	1
292248	1
4343390	1
167509	31
175529	1
1784461	5
4333590	6
190676	21
592616	14
270866	165
36892	22
271759	3
181768	28
172859	19
4468234	2
4335376	80
4235585	91
1136109	1
515299	26
288193	110
589450	20
526982	1
348785	16
330460	2
268596	17
518967	31
188001	1
196020	1
579658	1
356403	1
291360	3
354622	1
356404	1
177313	88
265522	119
346604	7
356405	46
4304092	1
290472	5
265524	82
155932	1
170089	7
303739	2
352843	5
276218	1
175535	1
293147	10
263744	21
274438	1
353737	19
344828	9
193358	3
256619	2
581933	251
271766	45
166629	1
270876	1
193359	2
261966	2
4379141	3
1557169	4
1109788	77
4315784	3
829032	33
198809	4
4315785	5
2334610	1
1026524	43
36503	5
4473596	9
318396	4
2590430	4
519864	5
308598	4
459276	487
4390330	4
243150	51
326013	16
51657	4
317104	9
279298	2
321560	6
339886	3
325126	1
132670	12
324236	9
259699	7
821514	1
292260	37
336810	27
188013	65
258404	3
186233	12
357305	45
277115	1
208409	55
260088	3
196035	7
152278	49
310877	1
193364	14
247715	29
544419	1
174654	1
191584	3
192475	1
336817	5
442846	9
275339	62
793109	27
198814	1
4315790	2
509070	4
351967	12
197924	336
262869	2
189907	3
4369352	1
4474490	3
3201462	1
4339952	1
548385	39
4399755	1
334040	54
929836	2
215540	317
369299	1
589475	2
334044	225
4372523	1
4363614	6
277120	38
50779	1
400871	1
4362724	4
206633	15
514028	15
347511	1
322464	3
345730	1
334049	2
564026	2
348404	11
312665	21
322466	8
355533	1
302865	4
348406	1
155951	2
310886	1
594422	1
183572	4
276236	9
174663	2
665703	30
344844	1
351972	277
288810	261
274455	9
173773	1
351975	2
264657	1
183576	2
1110191	282
582846	2
183579	15
199716	9781
509083	1
592649	1
826382	6
519880	9
190309	63
4424106	1
27616	1
512253	7
3980515	1
2545906	15
4340358	97
207532	225
268220	231
342075	8
258421	1
365341	3
339503	1
339504	9
347523	2
551562	2
516814	1
571165	29
105964	123
153187	20
234269	3
337724	2545
175563	7
195166	1
302878	1
592652	5
337727	21
189920	49
192494	51
347529	2
293178	7
287931	1
192496	1
851935	3
560479	1
346639	1
337729	32
168439	13
229919	2
110910	3
189924	3
192498	2
583746	16
1137031	2
180511	2
4469164	6
4426298	6
4426299	99
4424113	1
171607	141
4446898	7
2456812	1
3277423	1
3256931	1
522063	7
3259606	1
342083	10
4323439	1
349310	98
2127939	32
312682	2
580081	1
342085	2
4390365	2
304663	1
527512	48
463361	4
326048	14
209327	17
553352	145
368025	2
686211	452
277143	372
178242	9
187153	1
66939	1
543553	26
269125	7
333178	59
354662	2
335952	6
631764	312
577512	52
551575	1
338626	1
336844	2
580087	14
328825	6
179137	13
174683	3
275366	3
173792	7
571178	259
298632	1
353775	1
199731	1
175575	1
151013	4
273586	1
567715	96
790466	1
177359	2
110924	2
289729	2
1109422	12
189938	1
360504	2
198848	2
296858	134
1105860	28581
271406	1
19611	6
4412541	235
270519	5
3507209	3
181419	17
3785400	25
2137746	5
228043	6
359120	1
4295035	9
422283	146
563161	1
2365946	1
406247	21
276260	18
85658	1
3765807	1
518613	5
517722	809
1098946	1
265570	2
214684	8
616624	399
259335	1
333189	1
356454	1830
345763	1
353782	98
509709	1
634449	9
353784	40
264684	5
535549	1
335965	13
194297	1
174695	1
295970	1
195189	6
335967	209
330116	2
557926	10
291011	1
797704	276
459917	1
389529	2
377946	22
300716	6
181423	2
573969	11
4429981	62
1055082	4
291017	3
2204474	4
351607	53
4459388	2
271418	6
4429986	42
4402751	2
4303850	29
4303851	1
828198	21
514061	87
708401	1
4303855	1
4483046	3
2487129	7
634450	8
538223	2
333195	4
313593	9
1032415	5
428632	1597
308249	1
579311	5
269145	1
347553	10
185391	1
586440	4
258453	2
628218	345
338644	63
335971	2
196085	1
157772	14
255783	3
268257	1
851961	2
4378907	1
4450979	2
134101	1
179157	55
195196	2
278059	1
4378908	2
320321	1
331013	16
214699	25
176486	7
267368	23
158667	1
302503	4
3121918	1
266478	738
835928	1
575756	2
174301	1
203605	1
198865	433
332901	3
263403	39
198866	92
181432	7
470117	45
110945	17
1126373	12
340923	34
197979	1
352507	4
292910	2
4319005	4
38344	6
194903	2
228061	18
4363660	5
315382	2
1076587	6
548032	23
194909	43
309147	133
609513	121
334096	5
349343	1
628226	3
509723	4
329741	60
258463	1
337762	1
169364	1
564077	1
336872	1
569522	28
178274	7
269156	104
349348	1
322112	6
510114	3
784256	20
335984	35
188079	1
322114	1
544479	1
196098	1
277179	2
189960	96
339549	38
578437	1
197980	81
289754	5
229958	35
1749791	44
299556	22
271430	7
185004	2
184114	2
351623	1
260741	2
290146	1
333807	3
272328	2
180555	6
591405	50
271439	1
144917	1
4441084	2
4367231	1
1106787	2
581609	1
97263	2
1625449	3
294709	3
293818	16
4336940	8
307373	4
517751	1
356481	2
216495	19
517754	2
367176	7
208479	327
187196	1
298670	2
2233608	296
312322	8
346686	10
328866	36
409947	272
179179	1
304304	395
303414	1
4122608	1
212532	4
313216	3
197991	11
214317	3
334701	12
343611	19
273223	124
191251	38
274115	7
272334	1
182343	1
156505	37
260753	24
180564	1
155616	6
3638321	3
512907	3
193038	9
272338	13
4127460	165
271449	7
4465250	3
4315468	5
1790398	2
4479612	3
2875735	36
724472	2
4387840	8
269172	9
209377	3
1111745	2
259372	26
128297	1
519545	2
314110	32
4420206	198
306499	7
649732	3
269176	111
337784	12
741001	5
584692	1
331043	1
289771	3
323024	394
179188	3
347587	42
40649	1
323025	1
215214	5
178299	1
297792	1
578457	1
289774	3
320354	158
221454	86
272341	2
322138	38
520931	1
297796	6
262541	1
352533	1
1952	2
561027	11
264325	2
197600	4
192155	4
287998	24
176118	1
354318	1
185029	8
176119	3
251854	43
840905	2
4315471	3
187807	17
1000273	1
15700	5
349372	2
1111754	6
259382	1
4420215	1
417981	4
783390	2
339574	17
569552	4
549950	13
676472	5
321251	2
268297	6
278098	18
230370	2
104740	3
106522	1
302545	2
343630	1
298695	20
165430	493
113654	3
362342	1
185034	1
344523	17
182361	17
190380	16
291063	17
340960	4
270571	144
211667	1
344525	1
274136	3
372146	200
185036	55
262554	2
273246	24
157417	1
522727	24
262556	4
324926	1
198503	1
554904	1
180585	3
290178	1
590544	5
562924	1
351659	2
590547	7
188706	476
194944	16
287608	131
817151	1
194947	1
4449236	97
4465275	15
808244	3
1106419	3
686281	1
313240	4
43339	2
687175	4
233052	1
347200	1
579366	1
525401	1
329788	2
588277	3
411254	8
303444	1
796871	2
320373	12
104752	4
345422	5
337403	6
423830	17
336513	6
316911	5
530751	28
177024	11
420168	141
193063	1
191281	94
263452	153
566899	154
298302	2
260781	5
337407	4
190392	135
165445	112
199403	73
554912	5
195840	1
198513	1
333846	221
191287	1
277813	3
290188	1
571843	2
352559	1
594119	8
196733	5
227819	56
197624	9
292962	6
260787	3
1579254	1
49088	2
1579257	2
294748	1
2768843	13
4456376	1
3500642	3
4389652	4
329790	26
307011	2
30872	1
728069	97
4299664	8
529377	1
323050	3
3694599	3
839545	27
42458	1
510162	10
15728	45
2821809	1
338301	13
312364	1
262570	3
174361	18
264352	8
259006	746
335632	5
345434	1
353453	5
732128	3
234951	5
289402	1
177037	1
324943	2
332962	1
301678	86
105659	2
268910	55
316925	67
178920	1
278712	2
450576	17
367813	1
621649	27
174368	2
4449251	2
234959	5
1656781	106
581658	1
161899	12
2237211	1
196749	1
4471130	29
307022	1
4008606	1
207232	1
357020	4
518699	19
839558	36
311482	1
330193	1
134174	1
380190	1278
291090	169
237631	1
844501	5
733028	1
851630	2
114575	9
271490	8
334751	5
325842	4
689975	2
291094	1
357028	7
344554	1
335644	1
351682	10
355246	28
184174	124
1992	39
674324	1
185066	1
174374	3
369602	123
554931	5
577206	1
851634	1
521866	2
833816	1
309809	1
327629	8
585227	14
565625	4
686900	4
340995	1
358914	1
269814	41
270200	2
263479	1
414949	3
197644	8
188735	1
297437	12
261698	4
268927	2
359809	224
1105552	3
1510067	7
758482	4
4398585	129
304360	7
321290	1
125270	2
609589	142
4398588	19
4381154	3
191908	10
4401548	1112
405046	1
4374027	3
4345515	3
267041	43
313274	28
209028	1
321295	1
353470	2
266153	2
356144	18
325850	409
446135	219
334761	59
525436	2
331099	1
213487	7
454156	4
528109	4
545038	19
168145	24
356148	11
400599	247
278731	12
275069	1
183296	1
188741	57
264378	1
277842	14
163696	6
342787	45
351698	1
342788	2
271101	6
343679	9
340600	29
260410	6
644938	4
269828	1
179838	2
350404	4
271106	18
3154070	149
181117	3
190028	3
1523543	4
209031	535
4303545	4
192807	4
305261	6
838685	4
828884	2
16649	5
4310675	4
4432841	5113
207252	18
4094263	154
4333943	41
436341	89
4364237	19
518314	4
4433736	5
553063	3
319621	178
4377704	41
766113	12
357046	184
820367	3
840961	2
592372	2
145883	1
433676	6
4377709	1
324975	1
533469	9
688701	5
364179	48
567427	4
333886	2
269833	1412
336559	943
310215	1
199445	250
876705	6
590595	18
383885	465
272004	42
171322	50
152612	7
196777	18
182016	10
190035	9
4324040	1
382998	8
180235	17
321907	13
42492	1
1106468	163
4365130	26
4399495	1
4303553	3
193705	164
217060	2
306160	2
3117556	202
4364243	1
99720	1
13986	13
4403349	115
519212	1
303491	128
4374046	41
214392	16
348142	2
1029949	1
305275	2
913036	27
3486634	27
314186	1
569210	1
586141	8
516544	10
356164	48
349036	35
345473	1
338345	2
4396426	109
527238	1
356167	1
230031	1
338348	3
199451	7
4376828	232
324985	4
278753	9
567437	15
157479	10
358944	14
186982	1
352202	5
296577	5
174004	9
342403	142
342404	21
263106	23
352207	1
331716	3
190047	3
332608	258
2879379	18
273902	63
184803	12
590209	3
4408801	5
1105589	9
4314257	6
545061	3
259051	6
623471	2
533480	4
346374	2
259056	2
4399109	1
338355	2
158373	2
539820	72
4474844	16791
320030	1
337465	20
425675	1
326774	3
830189	246
646743	1
449833	7
337468	7
533488	633
179861	2
308957	2
289454	3
668129	2
345489	1
334797	1
268962	4
187882	1
589822	2
301325	5
271131	2
189666	4
331720	9
295696	3
340631	1
323702	360
182033	327
276985	61
352215	2
279659	96
270244	1
103529	1
164216	4
165107	12
182037	5
174019	1
261337	9
3449121	3
360238	354
350438	1
271139	6
390633	8
313908	15
4413164	261
4405146	6
2805825	2
192839	15
356180	3
207284	52
543291	33
509433	200
355291	937
719811	2
525474	4
318764	16
356187	14
847228	1
772384	8
578147	1
549635	127
266198	42
268971	2
110660	2
375892	6
312027	13
289467	3
452014	1573
352222	172
173132	22
343313	25
310247	758
264014	62
1108270	83
197696	1
276996	24
182044	61
154424	22
580421	7
260454	14
165118	7
195512	1
371930	88
260456	7
331737	69
292633	7
274815	1
77371	1
275707	6
273928	2
4388430	4
4402489	7
4321001	917
4357147	38
4347348	2
338372	6
356192	14
4309927	264
519246	2
528157	6
338374	13
1111448	71
548753	6
228785	78
288581	110
613697	158
189681	5
228787	140
335301	1
320055	2
842786	2
576377	5
158399	37
584397	22
772398	92
4460109	310
181160	1
298387	1
264023	1
174033	2
353124	5
522414	2
182052	12
325503	32
298388	3
511724	2
343326	1
362037	39
231952	2
589848	2
181166	1
190076	4
3529330	6916
177702	3
185722	2
265912	7
175922	3
292643	31
177704	46
355905	7
1106101	497
4316067	43
4256470	1
4435561	1
1737536	18
4455163	5
273937	26
537070	1
3528448	1
4326861	117
509452	40
807046	376
4354486	2
4482891	2
536185	1
299280	1
328584	1
4442699	3
214030	3
309873	1
229683	59
299281	3
4310326	309
214031	81
755474	41
516588	20
52933	1
359872	78
335311	1
298395	5
353131	61
212255	1
181170	1
213147	74
164242	2
541135	283
514405	59
321950	1
263144	5
352244	234
245324	199
520643	3
198201	4
510843	2
582222	40
182065	2
181174	2
321952	29
334427	1
187511	1
261365	2
4406061	1
351357	1
167910	10
531339	8
355912	1
583117	21
350467	2
462832	13
262258	36
342449	3
180289	1
161579	2
1845355	24
970805	71
184845	4
192865	1
17598	2
176828	3
4456065	1
290877	1
4435575	1
4437359	5
839233	15
319681	554
21652	49
338396	10
389282	9
1085832	8
30569	14
548775	636
299295	78
354032	1
157121	3
710432	28
531342	1
147321	15
305920	2
302257	1
522433	76
532235	4
342452	4
321960	16
297111	4
345126	373
263155	16
778758	2
662422	45
174056	3
294440	2
370077	76
110698	1
323747	1
181187	1
118817	1
267714	2
1629740	19
195543	523
2985051	51
196436	2
466409	870
197327	18
4437362	2
2119695	4
176836	7
347908	2
194656	28
1105232	1
276629	5
1530340	26
192878	1
1107018	191
1113256	12
4366089	5
759053	1
658370	13
48899	77
517495	5
56512	5
34139	4
409686	4
2075740	2
568383	19
312062	1
676195	2
577294	155
3265227	1
657485	1
4341633	24
361170	29
304047	10
513532	1
584020	13
205148	1
182081	2
272072	24
261381	1
343353	1
340680	32
314842	1
588984	1
353155	2
851323	24
317515	167
105358	156
331772	1
158027	56
263165	57
370086	1
583134	1
563532	10
576007	1
332666	3
159911	4
288215	1
265940	12
198225	6
171396	96
275743	1
231985	7
194662	2
183970	17
832619	1
199118	7
171399	1
544827	2
194665	22
275746	9
321979	7
100506	71
585914	55
194667	5
355939	1
273967	3
1107027	30
1041094	3
191999	2
99793	24
2134452	6
1034960	1
657491	57
301382	1
300491	1
301386	2
209712	2
271191	12
307722	11
354054	11
558599	257
106258	1
303169	6
155362	1
322870	1
4384516	3
162491	6
4390754	6
344256	3
331782	18
368412	1
259711	20
288223	842
321983	5
101400	1
355940	5
571563	1
172296	2
305946	3
366633	16
266841	104
194670	31
197344	7
196453	3
331786	12
276643	2
357724	26
537708	13
277537	5
198238	2
453955	296
366638	4
193784	4
110317	7
4329571	2
4329572	1
183985	13
292688	2
519290	1262
290502	6
3568684	5
1112389	70
205160	2
4378688	1
3887769	5
329112	1
338022	2
436032	10
534042	8
516223	9
4350566	1
353173	6
302287	9
326444	1
107159	3
298031	37
622256	324
528801	5
572461	2
300102	1
295361	4
321992	1
348821	32
325557	37
343378	4
298036	4
267743	3
342489	1
565338	8
199137	6
175972	1
455746	3
198248	1
276656	21
1995182	4
169738	1
708190	187
1113282	352
176868	103
4403030	44
192504	16
4371060	4
2025774	5
4299398	31
820061	335
303184	4
4414725	72
525142	8
99414	31
4456702	1
157162	2
309524	542
335363	23
421792	2
278440	7
394270	15
536831	2
755126	6
198252	1
367542	258
269532	23
266860	5
539506	9
323786	1
4380976	2
267752	12
975306	1
276663	3
694641	6
555547	2
572476	889
194692	49
429918	4
197367	14
188457	163
351005	1
179549	11
348839	9
258849	2
185787	2
593965	1
2415144	1
1107057	29
230725	149
271811	5
585949	9
183604	2
3206355	12
192515	2
271815	1
304080	8
820070	5
1111115	11
4333654	3
327350	1
4357811	17
318442	1
549310	3
248053	1
264093	4
4295444	37
525156	91
279340	3
568025	1
353195	3
319337	263
574263	1
649107	6
301012	15
227565	237
313992	64
3293886	28
301013	1
562681	2
229348	12
344288	1
813944	13
537734	5
300123	15
301015	5
136686	1
253001	1
565357	6
295384	67
586841	3
315779	2
588624	1
274893	4
274894	1
341213	1
641987	1
342105	12
510505	901
355978	1
273600	1
350127	81
593977	4
352902	1
290532	4
161238	23
321619	1
271822	64
182723	3
181833	1
352908	6
183619	6
4341683	1
2497335	11
515362	3
93099	9
2212505	5
2398439	11
337167	1
407556	36
198271	6
301022	12
354097	3
336277	728
427159	283
512695	61
325586	4
324696	4
751584	21
808609	10
166099	173
