323400	8
216888	1
341221	4
463794	145
233411	276
323403	94
211039	17
188479	1
402704	10
143423	14
230741	101
581003	49
213813	1
351028	2
332317	32
271830	8
1611482	369
321628	7
185405	1
303809	2
4313073	1
312719	11
263815	2
183626	6
271835	27
274509	1
352918	1
2420110	4
4476330	2
1991255	1
704264	2
517154	1
329153	2
405780	65
319354	1
157193	1
4373873	45
301032	1
326486	1
369354	2
20439	4
300143	2
178682	4
228479	83
177792	1
109978	1
287387	3
350143	1
580121	1
234314	2
277588	94
821989	4
277589	1
581014	26
322525	2
214715	7
342128	3
310945	8
350149	4
1109860	2
344906	7
550727	22
175617	1
542709	2
1109864	561
272737	1
1108974	13
1111142	2
175619	4
1110253	94
14205	1
4345268	4
2330135	1
318474	4
574290	896
346098	1
199182	12
327387	510
378273	1606
52624	1
149188	4
259772	127
2066505	57
288285	1
189384	891
335003	2
3192831	1
235212	27
447776	11
348875	15
544896	3
431235	1
899714	5
111267	1
3919792	101
578857	1
233435	3
196112	5
185420	16
274521	1
293232	2
353820	4
137209	3
1139272	11
3919797	14
294126	1
272742	36
310957	1
193444	9
263834	2
157805	1
266508	3
290566	9
167609	18
192557	90
180975	5
272749	18
1857626	2
4308745	1
4389035	1
4212012	1
4346168	3
4369434	1
328283	296
20456	1
199190	46
229386	1
189392	4
343030	33
579750	64
368486	3
269585	2
930301	1
4451901	2
269586	2
211066	1
324322	2
279387	22
563210	2
112166	13
341252	1
42839	4
277200	26
696477	1
111277	14
187210	1
554303	12
324326	14
277202	2
276312	2
302943	1
295023	3
194340	2
258899	7
4451907	2
277204	33
194341	26
543614	2
264731	13
275423	6
161277	1
175633	1
355615	1
831409	9
171079	38
770920	14
192563	1
181871	26
264734	26
552528	48
311859	7
293247	7
193458	1
273648	55
16003	10
4335484	28
4484382	11
2134134	34
1107703	9
557381	2
3998912	21
368490	7
2120775	6
3443119	1
202162	4
568077	34
701221	32
349783	37
515004	7
1131769	1
2136916	5
351062	2
733401	1
317205	1
1040889	1
369389	5
4361922	1
303841	1
341264	15
523028	22
4391326	67
343047	1
571242	1
197022	1
522138	16
292360	1
355621	5
187222	64
351067	7
188113	1718
261076	58
730733	1
187223	3
520358	40
277215	7
263850	287
584710	1
188116	5
189007	1
563228	1
193463	38
183662	13
330578	47
168517	1
177427	2
363646	7
274546	3
4338161	26
193466	1
273657	408
158719	1
272767	6
272768	2
1110284	5
2387797	26
759751	52
1673703	16
315430	5
531052	18
300186	3
646499	2
112186	1
4471525	1
519979	3
189011	1
152381	111
349798	26
261084	1
332364	460
196140	1
355630	6
346720	56
338702	1
334148	2
331476	1
187233	11
367215	48
155059	7
350188	3
720944	10
683621	18
328905	100
241489	8
570367	1
346727	1
362765	3
191694	1
292377	1
516909	139
270993	42
337819	1
586509	3
192589	3
1106830	19
180606	1
1108617	167
2066542	9
708876	1
97315	2
325244	3
529789	28
323463	1
324354	19
531067	1
833216	7
258522	3
3096648	112
186351	39
341287	6
193480	7
186352	16
347624	1
303866	6
863612	2
304757	2718
844902	2
443853	1869
194373	5
291493	1
561466	4
576712	4
554338	161
356536	2
266546	1
188138	1
110016	1
264764	86
661259	88
347628	10
582951	5
169428	60
297831	268
533847	95
173883	90
296941	4
186358	677
586517	2
183686	21
584736	1
274569	3
1111191	21
192598	3
272788	8
4397092	36
16036	1
38415	1
609982	1
523051	3
2663625	2
529796	3
216550	8
235262	1
564140	26
2564727	3
4381553	12
153291	24
315453	200
351094	1
2663629	2
109634	2
351095	2
520385	2
369014	1
321693	10
197052	92
556126	217
369017	1
4380667	1
189035	5
279026	31
276354	1
213885	155
661266	258
365455	35
268336	10
293285	1
194384	2
571277	4
581079	3
184584	4
3040916	2
288931	3
590980	5
273686	1
262994	2
273687	3
194388	120
292399	1
183698	1
353879	1
211706	90
310608	75
270612	8
190425	1
2309802	15
3056461	52
171718	13
4413537	3
95553	5
523064	1
573061	4
197060	2
267451	4
313685	2
144395	12
536535	1
306558	7
369027	11
276364	1
304777	9
720973	42
573068	1
110034	20
213896	2
742358	300
562376	4
588315	4
143101	8
462585	3296
606927	9
331103	16
275476	193
194395	6
246965	1
575844	1
263895	268
264787	75
291111	4
272401	48
193103	1
4468391	153
16054	7
301708	2
341902	18
1106861	1
272407	2
1106862	22
261715	8
1107755	10
1109539	12
1107758	1
327050	3664
1107759	1
33984	5
147071	1
4424239	1
4403749	1
105099	1
349431	2
515059	1
893041	2
338741	1
269243	261
197072	45
186381	2
187272	35
275483	1
178364	3
585650	1
277265	466
589215	2
627429	2
279048	2
347655	7
189057	10
585652	2
289841	2
264795	21
274597	1
353896	54
584765	7
346769	8
198963	1
331117	6
311515	21
16062	2
262611	7
342801	2
162820	3
198967	3
290235	1
1107761	2
341913	61
212619	2
172624	3
352607	1
342806	3
184209	2
1105984	479
95570	8
4410881	33
68842	1
317265	1
4435934	18
554372	8
315485	12
626544	9
196191	4
316378	15
345882	1
266583	6
196194	54
795046	11
279059	1
276386	26
159668	4
578537	4
151144	1
110059	2
354798	15
2061739	5
155701	11
352612	66
252821	1
301727	5
1106880	1
260842	9
174415	3
591503	3
350834	5
262625	12
293910	10
272428	3
263518	62
571905	11
180659	1
3671383	5
326180	3
318163	5
316381	45
208571	2
4430497	17
4333379	13
4430498	194
206790	64
4353974	1
711099	1
348561	2
335097	4
229069	3
545473	2
523099	3
579431	4
70137	50
189076	89
564188	5
216599	9
247883	22
586562	34
349458	1
188187	17
509838	8
349459	2
312422	1
157894	3
322223	36
355697	1
197099	4
310642	2
1082539	3
198983	1
364203	1
211743	87
172640	4
262631	2
521913	1
290253	14
262633	81
351734	46
4327141	63
1733364	4
1106892	76
2683271	14
343719	18
1740498	1
2374993	3
4453773	3370
529442	2
539244	1
209475	7
327088	3
356590	58
22923	4
526773	5
277293	94
1024529	1
215311	1
337884	9
276000	1
787049	2
739826	4
299673	2
313324	7
300851	1
304416	2
310653	35
215317	2
792399	2
531722	5
440840	36
141366	1
290262	1
355305	2
204629	15
272444	3
198998	9
263535	7
192255	2
3838014	11
130679	2
343727	1
4413581	1
4369131	24
196815	14
296607	1
4303991	1
817241	1
548161	1
44311	1
229088	1
338781	2
228199	5
217100	4
579452	6
331150	25
863682	1
4450711	28
226014	1
305313	18
577674	1
240271	387
302641	193
211761	13
131571	32
167311	16
304427	5
1129180	12
177113	72
275123	22
232257	3
174441	12
433722	8
194043	1
244831	2
158404	3
175333	73
364227	1
193155	182
271563	17
186028	2
851704	2
171772	21
341953	14
264437	1
194048	8
263546	49
181575	2
3409355	7
180684	58
3851391	18
198604	68
325918	34
564806	4
841907	169
582627	1
195934	2
1108699	1
318190	1
827050	1
297509	23
195937	1
318194	8
14920	2
569660	1
1112757	10
718358	4
635495	17
1104739	2
547287	289
329884	1
1136916	1
4396877	3
4390134	14
300870	3
100296	11
258202	2
275131	52
194051	1
312455	5
837859	1
398597	1
840027	2
301765	12
182470	2
552235	2
870421	55
412249	10
154850	8
327704	5
240287	2
582630	1
271572	1
730437	390
471157	13
515707	2689
851715	70
291179	2
333948	1
262668	53
334839	16
271579	1
333949	5
298408	1
154859	20
179907	1
1517779	12
3920500	3
369090	20
1112762	33
529472	1
369097	1
102084	1
1110988	2
214450	596
4379957	4
358001	3
4401628	22
589277	5210
234054	42
323154	15
320483	6
512048	14
326820	2
267123	8
257322	1
344641	1
576400	112
358007	2
356226	3
273364	1
299302	2
262673	5
466811	145
530866	7
3943182	78
269902	192
851726	1
195950	3
586208	1
277922	37
594227	44
262677	15
191398	2
555917	1
1134151	1
1135042	32
110706	6
190108	1
519680	1
1569569	16
52362	6
4379961	528
102090	2
828961	1
1522739	4
124470	672
320490	31
520075	1
259111	291
316037	18
4365209	1
4296701	31
315147	12
112891	19
186053	1
330296	3
264461	2
646800	7
268026	3
212686	1
317923	2
272482	16
276046	389
175365	7
266247	19
328617	238
342873	11
271593	11
269911	1
319708	1
547903	6
582652	341
157546	63
571965	2
4378081	75
190112	1
261799	1
571966	18
270303	111
1895780	5
4349573	1
1835985	11
991729	5
4388880	1
2316624	14
1107439	1
3563235	4
1105659	9
1871227	5
331192	5
4433823	1
837885	1
311591	6
177150	1
515731	1
258232	2
544243	11
276052	9
513950	3
354461	4
4352747	2
222497	2
355355	1
331199	1
531773	5
266255	25
545139	1
558603	1
347337	4
175375	1
309916	1
572860	5
345557	4
197750	2
188840	1
547913	6
351794	4
530885	1
328628	9806
183395	45
335757	2
655725	2
184287	1
574644	6
175377	3
672655	1
273388	4
194089	1
199534	21
383971	47
287744	3
342887	4
198644	227
102704	14
261402	1
277946	2
1106550	1
188847	1
160720	1
190124	6
392887	4
295768	7
909065	4
3465233	5
511180	1
4460560	12
4357205	3
290917	15
312490	1
233191	7
95256	1
750071	1
304472	4
204681	8
1652947	1
703741	3
4444529	1
568410	111
335762	3
364274	1
521982	1
346455	5
354476	1
188850	2
523768	1
653954	3
274289	1
132114	4
555945	300
589903	4
197765	16
289538	3
300517	1
232900	4
261414	2
3342180	7
182117	6
1123492	3
262308	2
340717	2
271219	6
4329995	8
261419	4
3439402	20
260529	8
3439403	26
1107459	3
1720567	10
4217226	24
193807	2
3715618	3
447141	1
304482	1
526441	1
314284	35
337550	3
178061	12
275180	6
346461	1
561193	1
178064	97
335772	1
157573	2
353593	30
276077	3
288651	1
575553	1
326865	56
582682	2
320123	1
274297	136
132122	2
211422	2
188862	3
227967	5
383992	92
272111	36
530502	26
183012	30
377756	62
263203	53
231028	150
113417	1166
1107461	1
277967	3
342504	12
269949	29
195997	1
1135084	5
173218	2464
181239	1
172329	1
3009852	2
4479793	34
291823	231
3750373	1
1105687	247
4357222	1
4356331	1
372906	6
291828	9
1111522	2
306275	15
365181	5
364291	3
307169	1
414089	158
345582	9
834840	7
267175	10
346474	281
275194	25
518438	13
347367	1
524676	7
106698	218
712677	31
582691	1
198670	1
397363	89
336676	66
637934	1
588038	1
559527	2
583584	1
187980	3
197782	18
197783	3
335789	6
395587	416
269956	146
182133	1
160750	56
188878	5
1107473	1
194710	41
262329	3
233817	4
192930	55
260547	12
4308127	2
561808	1
4356342	47
404292	21
305394	3
276091	2
337572	1
268074	2
239562	4
535375	15
1110647	1268
347375	1
407963	13
588045	3
851782	3
105411	2
565774	1
312126	1
585377	82
304108	1
188883	1
520720	18
351430	12
262331	3
332720	1
210554	3
198686	1
539939	1
367977	7
4407030	2
293621	2
382721	18
323818	9
274912	646
1108377	1162
330947	1
1108378	27
260559	5
45296	1
186707	2
196508	4
2499530	99
2379148	19
1110650	8
849110	6
3150250	1
947121	1
3141342	1
815158	1
336691	105
258283	69
2250345	1
586271	1
4433878	6
288680	2
820102	2
534498	2
212341	87
369763	1
727945	4
74407	1
303224	14
350551	1
301447	7
322931	2
216902	283
332732	627
173245	1
295411	3
179989	1
484304	17
314915	5
186711	1
182157	7
3903651	2
185822	1
761408	2
351449	361
194733	2
1844553	6
561826	70
292745	1
4383093	1
275819	91
4472195	1
518460	2
1114226	1
4389435	1
349175	1
4376963	1
1010876	10
4372003	37
4133116	1
312140	717
535399	2
408877	16
268099	154
843785	1
4296778	3
549756	5
577377	38
313037	1
105434	1
343433	1
183053	3
264134	7
314922	1
342543	2
263244	2
320169	25
574302	57
346107	27
340761	2
114348	22
190183	1
197410	5
531436	4
175037	35
273047	14
265029	128
270375	197
263248	1
584107	53
344329	38
1624383	1
584109	1
364926	1
176925	14
1844565	8
462939	17
1542014	1
526490	259
319780	2
4446369	3
1105328	133
586290	6
4379646	1
259195	1
304131	1
319784	1
846464	1
2750316	23
4400427	3
797560	2
655793	48
301462	6
305026	2
265030	11
4440624	20
312156	2
336313	1
165241	52
307802	1
208901	6
1904161	82
343442	2
347007	1
174153	5
297210	1
223059	34
213258	10
270382	1
159007	2
265036	70
311269	1
524318	24
306914	124
179601	3
642922	1
276721	1
454921	1
270385	7
250784	9
271277	116
187623	2
196533	4
278506	1
341668	2
592139	3
290983	2
4457064	2
194758	2
1111570	1
192976	1
319791	1
4344400	7
215040	1
579174	1
309994	1
303251	4
329597	1
846477	10
204352	1
4413903	12
567595	8
3392840	32
300582	5
345231	3321
107235	17
4452218	76
541252	5
4430835	6
530561	2
318503	51
354144	1
325633	1
698676	4
214159	6
181291	3
370183	382
270391	1011
434336	1
3392847	9
921813	2
272175	41
258910	1
308707	1
434339	2
165257	2
2808640	768
157238	38
315837	1
261486	7
522549	2
270396	6
441468	382
463843	2
560962	1
191098	20
232975	38
259805	2
314949	2
4349261	1
293665	6
366727	1594
266935	43
4419650	1
293666	3
383659	11
4327881	1
529180	2
1110690	1
1111582	1
4412022	8
3625698	4
4476780	284
99891	5
4232048	7
769961	3
304156	1
4370257	2
307820	18
370190	14
514533	1
327423	1
688883	1
300594	1
329205	3
4334618	80
4343528	552
313069	1
342571	1
355045	1
317623	4
302377	1
102794	3
547601	1
303269	7
272184	1
296340	1
174174	2
316734	4
204369	43
896489	5
427219	5
146554	4
157246	2
268720	3
358712	4
165266	2
335447	3
156357	1
335448	1
315846	106
457614	16
589989	1
335449	1
584137	7
592156	1
194770	7
183089	10
564537	2
268725	31
384555	1
178735	26
274965	2
349809	17
266948	2
15540	4
260207	8
529192	17
32471	12
1067143	23
190815	22
303274	2
339013	41
4354229	3
316740	2
408513	996
4393532	35
354163	8
272192	4
332780	2
99508	17
166164	2
301498	14
314963	1
112201	2
254376	3
187651	1
175078	26
560981	8
194780	1
450399	3
262399	2
184983	1
179637	1
177855	25
277649	3
270015	34
260215	2
1106254	47
1877675	1
4414821	2
370809	527
1110312	107
4414822	3
817995	4
1109929	7171
4393540	1
4362257	12
302395	1
313089	1
592170	9
337246	1
308734	7
4020502	21
322991	105
279431	9
334575	1
532377	1
421893	50
220022	1
359624	2
189443	4
568118	53
196571	36
199245	3
196572	5
583266	3
197463	8
297256	6
186773	2
587822	1
185883	1
188556	6
1624030	1
258946	1
582379	3
268747	7
301109	3
196578	3
110438	1
185888	2
291510	10
321706	1
291512	111
1105376	7
1128644	5
2810953	1
182817	1
193509	10
4407703	4
4416614	5
181927	3
3472078	3
527032	2
339031	20
4406817	1
316761	1
4442459	18
522582	5
821067	4
710584	1
532384	2
317653	4
531495	10
592183	1
209845	2
136783	1
569017	2
333694	10
113111	25
276770	5
167078	4
333695	347
196581	1
146586	1
148368	3
198363	15
229449	2
326569	1
236578	3
342200	1
297266	1
199256	3
275882	172
270030	8
310028	2
295487	1
266976	2
262016	2
552988	4
180045	2
352008	1
2689396	3
4306036	310
133719	3
192625	1
174805	25
183716	1
4401375	118
4308811	2
263907	11
273708	28
527041	1
329240	2
899195	49
30323	1
4298224	29
345282	24
315880	2
4386437	2
344394	6
568135	5
843454	22
846127	7
298163	26
366771	23
4393568	5
528933	48
397065	54
588730	2
352010	1
278563	2
269653	90
335488	5
589622	2
308759	3
112234	2
300235	3
843459	6
323501	1
111344	1
352013	23
341322	6
216989	1
342213	2
369449	49
269657	48
105109	6
2505250	3
321722	7
259859	11
351126	1
161343	65
110458	3
1107175	54
320835	44
550814	187
290645	1
16477	2
3641385	2
290647	2
4430891	25
4299126	1323
419245	22
316781	1
318563	2
306980	14
158183	44
458550	1
319455	14
585073	2
355097	3
564581	2
197490	1
199273	57
139478	2
296394	1
511510	222
301136	1
352022	2
199276	12
301137	1
297287	5
261142	2
350242	9
759816	1
259866	32
985239	253
1106290	1
294210	1
710208	6
782984	17
276798	2
179679	112
401924	3
205904	105
320844	2
580224	3
321735	7
180067	2
586968	1
372622	1
270059	72
1108078	22
273724	1
194425	4
562408	2
303919	476
2922355	1
272834	42
181953	15
1813954	6
274619	33
4416646	8
846141	9
339064	1
918313	26
826541	12
1112139	320
527067	2
2283112	1
299070	56
4440301	2
1141646	1
4430503	3517
258980	21
349862	6
227697	1
210262	1
300253	1
254021	1
539647	5
882782	2
696563	684
153341	96
366797	1
334215	8
350254	3
312833	2
450047	3
293330	6
275511	6
276402	8
350256	10
421538	1
520439	5
276404	112
452823	182
195325	13
182854	13
1931575	4
4308841	1
165927	13
165928	1
1105016	10
25005	11
329271	1
4456852	1
329274	6208
3957916	68
4483585	1
4321810	4
309676	99
547673	4
799034	88
657266	21
842596	3
1066913	29
349874	2
333330	3
579851	5
101572	84
573110	1
300267	1
258995	15
311950	1
163153	27
180082	201
169897	1
331553	2
589657	3
536989	156
2308370	1
267502	5
352049	1
177512	3
214835	2
276414	1
272850	3
273741	2
206817	4
346804	1
345913	36
233549	12
174842	164
295128	3
195336	2
320868	1
363735	1
264835	1
192664	11
187319	2
4339144	102
329282	1
40164	1
45610	4
845272	16
299090	1
577082	1
845273	4
1110378	1450
202261	3
279492	24
349882	1
336012	289
110492	33
415315	1
988932	1
513325	1
351163	1
180092	5
234443	121
570450	1
332454	1
311961	1
288004	1
340474	3364
261177	2
350277	1281
267514	1
207718	53
544616	1
314639	4
791522	3
276425	119
320876	15
321768	18
263953	1
4356080	41
191783	1
174854	12
298803	5
355728	19
173965	303
192676	81
2419864	1
263957	9
3149595	4
1602314	4
1105038	1
22352	5
517293	121
4296496	1
439880	2291
309696	11
4030375	2
529873	1
349892	1
798164	6
716984	13
210292	31
548587	1
333351	11
260290	1
416215	3
520462	50
331571	1
327116	3
261183	26
196240	6
270094	18
178420	1
196242	1
331575	1
332466	9
314646	14
248812	1
340486	2
431368	6
259504	49
342268	13
177533	1
261188	11
274652	20
313757	18
213966	1
572247	2
268416	23
259506	6
214857	1
361972	7
175754	1
443945	4
353954	2
185555	252
271983	1
179319	8
197139	6
277329	17
192684	33
178428	20
4309760	2
195358	8
196249	179
290696	1
182886	2
388808	671
509285	1
617098	5
3156335	1
2256425	156
523140	390
211191	20
809658	1
1107829	130
326231	1
309302	313
4423418	2
539688	3
164071	4
102494	1
237134	1
580270	2
296041	4
524038	1
296042	2
537503	2
316436	2
259511	15
332475	1
334258	2
132892	4
316438	1
354850	4647
279115	605
356632	10
288026	1
194472	1
574038	12
268425	21
894007	3
258626	7
355746	1
527709	5
353964	3
542857	1
158836	9
182893	9
273776	1
390497	34
272886	2
263976	1
167749	1
290300	1
210908	5
32177	1
290308	1
2256432	5
270707	1
228232	1
336043	1
1110008	1
549499	2
566022	12
621166	1
137353	9
540086	3
109733	20
510683	32
262095	17
94758	5
4455609	3
845900	3
164088	4
4462739	5
577710	42
305758	2
275563	3
193591	163
321796	8
347735	1
186464	79
339717	2
813729	5
339718	1
273784	4
277349	45
158846	26
110128	6
267549	15
293389	1
192302	1
271602	1
583958	1
190523	2
260914	1
4440360	1
170926	1
54563	31
343183	2
204088	3
189142	3
196270	3
327149	2
296064	1
368236	1
296065	1
293392	107
198056	1
234488	15
214886	29
259536	180
588414	2
174892	1
165982	1
276466	2
356657	2
461795	49
579507	2
184695	8
351800	4
350910	3
163800	14
4418496	23
180731	42
4201482	2
360717	8
1108745	204
1108747	1
98332	5
204093	44
424270	304
336063	2
4366524	1
556240	7
4366525	1
324482	1
189150	1
109753	1
4174963	2
269342	60
323595	2
348642	57
355771	1
179354	1
205985	1
641783	1
556247	22
589313	19
365574	290
198067	1
349537	5
196286	1
582089	10
299741	16
295188	6
265786	1
211820	2
276478	77
241224	3
196289	31
297963	3
588429	1
310725	2
302706	23
193213	1
298858	9
183414	1
270733	3
272516	2
4015273	7
381219	62
193219	1
352708	1
290338	98
361619	27
1126577	4
191439	10
1896700	1
4393262	1
335181	2
308451	15
720093	7
1110037	14
4375442	41
4477017	1
148072	3
335183	3
1111921	8
548233	7
346870	44
434089	578
776432	1
4347829	2
894045	2
275592	32
313400	1
547348	3
276484	771
265793	9
187386	6
573189	479
259557	28
576853	2
337966	8
330333	26
178478	70
187389	3
312515	38
541602	3
299757	1
360730	16
4302181	1
351823	2
191445	57
182537	26
263618	2
174519	2
294905	10
4301298	212
319153	3
392918	855
4446732	132
514282	31
818213	3
404691	44
537550	3
808414	1
94794	7
296094	1
610111	2
288075	52
259564	12
268475	3
848615	14
324104	6
234113	6
296099	1
277388	8
200157	2
511216	2
188289	2
847728	117
210950	1
276499	18
354501	1
105813	20
133435	1
578649	2
343811	2
193233	34
400739	840
580920	5
720709	1
274318	1
581814	1
4315660	6
530928	32
4422580	30
270758	1
4144592	2
4446740	3
66188	537
309361	25
1078587	15
309363	227
4300017	1
416286	33
457371	40
189181	4
416287	98
449353	228
527762	1
2050168	8
1104817	7
4428929	30
901984	1
579541	2
519746	2
347783	11
306699	5
4420408	1
332132	1
277396	1
333024	2
330352	2
114730	1
320553	1
235017	1
293032	1
205615	2
511229	32
175422	3
193242	85
290362	2
265414	8
292145	1
113846	1
352733	1
210965	5
560336	263
160178	105
180771	2
354517	1
275218	25
183446	1
270765	6
362539	1
1107895	20
1751298	1
4339831	3
2897325	23
2368865	26
76995	1
446691	77
3055324	10
179392	2
317399	3
743396	1
2883968	73
521033	1
323231	1361
269386	48
331253	1
310760	1
276110	6
338887	5
306306	1
567974	1
321453	3
443620	1411
363430	174
289984	2
136127	10
186122	1
522921	4
353631	2
157611	1
302746	2
262752	1
264534	24
274335	30
230578	57
335816	1
450755	13
198701	12
301859	18
344726	358
272555	1
264536	67
336708	1
372348	132
181675	2
350965	2
262756	1
1109685	1
530947	7
591635	1
4443094	2
281469	2
662917	3
351859	62
287808	1
4465471	1
1062061	9
4465473	29
1106614	45
4315688	45
2085032	5
308495	1
4455677	4
519763	31
4428949	1
1140477	14
1111965	26
259593	1
579561	3
519765	1
1078207	1
588471	1
315220	3
110192	119
304531	1
276120	1
185240	1
167420	8
336710	52
463233	4
177222	312
194151	16
178114	1
533624	1
291272	40
851811	1
525606	1
327805	1
211876	5
321469	5
271672	26
195047	7
191483	255
4425280	1
300978	2
301869	12
198711	9
334935	22
181683	14
327808	230
564914	1
183467	7
193268	12
262766	42
191487	1
172777	2264
197825	1
296726	18
351869	4
189807	1
350979	24
47100	33
14035	714
816470	13
4395096	5
4402610	8
4403504	1
2797559	1
1760821	2
358100	7
267220	6
325036	5
305434	2
972100	4
333055	1
301870	2
111098	1
543431	1
307217	7
178122	1
358104	1
364341	6
552342	4
301872	18
266332	1
292171	9
348304	2747
332168	4
322367	6
203865	18
191490	4
363454	1
263662	519
345635	1
342962	176
343853	89
851822	11
187038	2
191493	16
1646183	3
356329	1
345637	1
272576	1
229808	12
387615	91
290398	1
193279	917
271689	12
4466382	5
180405	1
190207	1
1122673	1
11376	13
180408	8
102192	6
1077336	3
306330	2
518894	40
77514	4
316132	21
2277614	18
241290	17
213671	19
340194	1
177240	1
323265	1
300990	129
355440	223
195061	173
321484	162
324157	8
292181	2
311684	1
268124	7
553245	2
268125	26
183480	6
258325	1
356336	3
351881	14
269019	114
162991	1
4393926	1
261892	2
4337090	1
328717	3
336736	5
335846	9
276149	222
577406	545
326936	3354
591663	1
192396	1
261894	150
247639	1
352777	3
196951	7
4369272	37
290005	3
1108422	30
278928	11
1105751	202
1703712	15
95345	1
4331357	16
430194	1
527413	1
315256	2
276151	91
366143	213
326940	158
411486	2
545236	1
333079	1
522961	2
169234	36
354563	1
215468	5
339417	4
584541	157
537219	71
277047	4
583651	1
178148	4
276158	18
461487	5
278931	38
272595	40
184387	2
295861	1
183496	715
263687	1
4308591	123
298535	5
583656	13
111712	6
164788	38
289627	101
352789	31
342988	5
188945	1
196965	1
189838	1
172403	9
261505	2
290018	2
4358599	1049
317041	3
1591562	2
305460	18
2740953	16
4371562	3
4357307	196
879972	3
413275	673
571081	31
314374	10
4353745	2
274380	62
454363	1
185281	1
532771	2
355462	2
527425	10
305467	1
804526	8
144196	1
643256	1
167463	1
4387706	5
348336	662
354574	147
159446	1
356357	1
4409280	1
273494	4
592572	16
189840	2
175485	9
264585	33
355468	449
397444	231
346559	2
189843	2
198753	2
531888	1
272201	1
352799	2
261511	1
300618	1
192015	2
110836	1
183106	15
295879	7
370217	67
4468197	1
45363	117
261519	6
350619	1
2831841	2
97142	3
3413566	19
2066374	20
4414237	2
700181	3
749791	1
4454432	1
3607907	3
304580	3
4357315	823
554160	1
207462	1
4363553	97
356360	3
333096	10
276172	400
306368	1
339435	1
576540	1
179055	1
353691	30
323299	1
265483	24
277066	209
811667	1
349238	1
313499	1
344783	8
277068	1
275286	4
296770	1
179059	2
564961	3
259249	139
275288	2
463289	3
851865	2
318948	3
273100	37
320224	40
158569	1
326968	2
197874	1
2901240	3
272213	309
321119	9
188966	3
192025	1
370225	3
181333	1
341713	22
1035392	2
4414240	1
188969	31
184009	1
4414241	2
2901246	26
390820	10
520808	7
4414242	15
513080	4
3970651	4
209251	30
98048	1
317065	2
2198356	58
347460	1
259251	23
526552	24
346570	40
4352875	2
215495	13
354591	1
4468805	17
338553	151
403497	819
554176	1
335881	1
349246	9
347466	1
367068	3
518538	3
368950	4
532795	3
604966	24
179069	1
298562	1
319847	4
592594	1
344798	6
318959	2
198774	1377
351522	1
289658	2
342612	1
181342	1
253513	2
189867	1
341724	3
287879	97
292820	35
2904922	2
162639	58
291934	2
2122024	73
373909	41
4456236	1
807226	2
305494	14
348362	1
731493	1
207487	1
848315	1
168383	1
337673	2
4483963	50
232030	1
259266	3
228972	34
267286	1
365297	12
197890	4
514988	85
2550809	57
334602	6
155511	7
341730	7
1108470	43
274016	2
265106	25
320249	93
564989	2
198788	2231
165318	2
520827	1
260655	1
530629	1
196604	1
190268	1
1107586	11
180468	23
171559	414
293727	1
580629	585
3563387	2
291949	2
269070	5
1110752	7
2865835	181
338570	1
518552	2
259271	83
766351	2
158591	145
366195	1
326991	1
259275	1
304211	3
348376	3
579244	8
229874	2
320250	1
410242	73
328777	33
258389	9
574793	2
274021	1
113542	99
301544	1
587269	21
189884	6
199686	1
107308	1
265115	1
210665	2
332831	3
261551	25
162651	1
183144	4
175125	5
264225	25
230268	68
513706	1
192055	47
110876	3
182255	14
161762	6
340853	70
333726	5
263337	38
4309133	1
291950	1
1127197	1
187703	1
195723	58
373923	28
1129971	1
296407	2
1106302	8
160879	9
276808	8
195728	23
373928	318
528362	19
1121455	2
2423305	4
347490	6
837640	1
527473	8
99964	3
586380	1
327891	53
529258	13
258395	2
753891	1
469663	9
206213	8
199692	1
830014	4
4342704	12
330064	7
586387	59
111771	48
344422	1
324820	1
520840	2
3181657	2
354225	1
162660	140
260670	198
199698	3
166226	25
352445	398
364029	220
580642	1
177910	1
145737	2
178803	3
350668	3
182269	5
267905	3
287507	14
295527	3
193953	3
197517	176
177917	1
308191	15
194848	2
373939	43
1136710	1
4339547	9
269093	302
4346677	80
4478646	1
874183	1
313142	1
348398	16
356011	1
329688	2
355120	2
799443	9
305127	1
184050	1
201772	1
4442508	3
228601	7
192070	103
364034	1
270480	1
993686	1
322059	2
304239	1
697874	4
176034	86
610842	10
333743	4
261572	11
296420	17
272265	1
158217	33
178810	1
233953	11
157327	209
652823	66
296424	3
325728	1
197524	2
571744	49
581549	1
278609	14
177927	2
4315396	23
4426873	1
539073	1
1021682	8
538185	1
719058	2
4346687	7
589071	1958
306020	2
46910	1830
517695	5
3028318	37
1028915	8
519478	81
322062	1
589076	2
508788	11
232072	22
579278	27
1087825	1
106444	18
347115	11
264252	67
308802	1
332860	1
541354	3
272273	1
574421	13
273164	9
672431	1367
345335	12
144861	1
143970	1
301578	29
175155	37
364048	1
361375	2
831922	2
135952	421
326626	15
272277	2
991512	1
342666	8
332865	1
162684	45
331975	1
289306	5
186841	6
295544	1
135956	200
291981	6
177933	11
179715	7
196645	1
267926	1
197537	185
276837	1
179719	1
195757	2
180105	1
2565100	10
381979	10
4367187	7
4372130	1
24546	15
510070	10
305141	2
208022	1
3211875	11
310490	55
588197	1
300691	1
444241	4
523542	1
300694	2
513742	1
301585	4
261590	13
351583	3
199321	10
197540	4
174276	1
484444	1
259912	7
368615	1
586019	226
273179	24
385545	27
333768	54
111404	3
269716	3
511969	13
1775194	1
259916	5
396239	404
295556	9
187747	9
390896	14
2318202	12
291997	1
2203165	3
1105454	135
190913	6
769075	3
579293	5
311390	1
4035247	32
1921818	6
798581	40
4346307	1
514640	1
338222	1
91486	2
401384	3197
716006	191
577110	2
335550	4
4189999	3
329313	7
445144	3
322087	7104
263380	27
524444	1
543155	2
355154	8
184083	6
348027	304
326644	2
299123	1
300300	3
263384	3
168047	1195
259920	14
570880	1
547714	11
538805	16
343577	3
263388	1
155577	8
315958	2
374863	1
350300	1
295564	1
352489	37
199337	16
196664	6
350301	86
111415	2
366846	10
288438	3
268837	4
198449	1
189539	1
875709	42
330704	5
194888	3
261208	321
261209	38
3758679	5
208042	3
182906	53
191816	35
1110412	80
302491	1
528013	4
988375	82
266061	2
812244	1
345360	5
356052	992
309720	6
176071	1
560092	2
801554	1
525344	159
531582	1
274083	13
356055	27
168054	63
299131	1
319525	1
576232	6
437137	26
681370	59
4226929	156
348038	13
167166	1
578016	111
213399	26
176077	2
268841	273
275970	3
279534	423
358834	1
299137	1
195781	3
227758	2
178852	23
196672	4
268844	1
262101	1
832848	3
275974	2
271013	4
112316	9
2858770	2
260322	18
349929	4
111427	22
197568	54
188659	1
161423	214
178859	4
1106364	43
320915	1
4428696	1
2018852	1
42395	11
272905	429
193609	10
4468897	1
1094991	6
339133	4
83488	1
338243	7
4334746	3
533373	2
558420	10
265182	60
353392	12
326662	189
158264	2
547730	1
541394	2
521792	2
355175	35
274095	1
324882	4
346267	45
584263	8
324884	2
335577	1
336468	1
439924	2
344488	199
264298	207
199354	29
186881	2
396266	5
180141	1
587933	2
342303	1
203209	11
321811	62
131039	4
186886	17
275987	10
580305	9
262119	8
4446120	4
4313262	5
194504	68
4373060	1
3799784	1
132929	3
4373062	1
4403259	1
830080	10
190946	130
838200	1
207174	1
4357029	1
526253	1
356073	1
305187	1
4363269	5
158273	3
347166	1
346275	1
529921	2
574471	4
338258	521
355187	23
324894	6
245595	942
315985	2
229559	1
334697	2
522699	7
211234	6
334699	1
619919	1
188675	1
287576	47
268865	9
278667	39
321821	5
186896	1
177986	43
340535	36
350337	1
292521	1
193620	23
1106384	3
321825	37
4331091	1
322719	1
1604555	1
185604	19
561607	7
195406	107
4428313	2
806030	6
291637	6
1682176	2
3682570	216
4336546	4
4324964	1
4449803	197
4475642	8
4433667	1
216097	1
4425648	22
827522	1
772282	573
107398	12
525377	1
355196	1
204111	24
2140546	2
525378	13
187790	1
337379	3
344101	5
178882	1
353012	177
278675	46
351231	542
110563	2
333412	4
276894	8
786646	39
270153	1
537959	6
341433	2
271045	1
582103	2
233623	1
322723	2
344108	7
620319	51
340547	1720
270158	300
350349	3
294315	4
323619	4
730906	1
183832	2
190961	1
214919	379
592901	46
354905	24
184725	2
1584173	156
306091	12
2901965	1
272938	157
183839	1
192749	7
608244	110
346291	1
4478325	7
327581	7
578053	2
198490	1
158297	1
238487	17
565585	2
388276	5
349963	15
204126	8
995147	1
278684	68
512512	10
546876	16
269775	87
300355	10
344114	1
107009	2
288487	1
289379	6
269777	138
267996	3
305803	21
146314	1
279579	219
341444	1
612308	2
313823	563
186510	5
333426	43
572313	1
262148	1
251456	4
354911	2
166911	1
590137	1
192752	1
354914	6
292544	1
190971	3
275616	16
462727	1
195427	3
290764	7
187409	1
276509	2
1111350	2
195429	2
190975	15
1106006	4
290769	2
592917	4
183849	9
1630017	2
4338349	1
4346368	2
577170	65
528067	3
557570	52
348088	1
1051764	1
199391	1
576285	1
299184	1
258099	4
279582	134
115035	1
834677	68
308889	1
113254	1
512522	1
557578	2
351253	1
324524	4
172163	19
306704	2
4481506	10
582123	49
276511	3
196322	2
334328	7
260375	22
276513	3
364722	3
350367	6
271068	8
325419	47
151675	3
195433	2
170387	4
266715	5
331659	22
186526	4
272953	58
292556	1
267608	1
275627	166
3841096	2
191874	2
3782390	1
158908	1
265828	1
2722893	6
2137001	1
4401110	3
528071	6
519162	2
4476561	22
764292	4
829337	2
2167404	2
4379449	464
318695	6
798253	2
204144	1
104352	3
337004	1
129401	11
210383	10
44827	14
180190	16
368698	10
181084	12
180193	3
330772	881
165046	66
263057	14
197222	3
320972	61
262166	12
276522	1
177621	1
207816	2
307608	21
267612	14
248902	5
261277	27
264940	87
355822	21
177623	2
260387	31
264941	19
560753	4
841419	2
542934	2
195445	1
184753	3
783604	1
168716	1
4329450	32
192774	1
592933	2
194557	1
191884	2
175847	14
183867	1
362958	13
3327894	1
2653002	38
749151	9
2224336	22
518287	4
302160	1
2920309	13
1544606	1
729559	5
548686	35
343251	1
332560	1
77904	2
4331736	3
548689	1
350381	28
113278	1
269401	53
327218	1
332564	1
258710	4
415427	1
526902	7
296134	1
294353	3
321875	123
277425	1
183870	4
194562	4
260397	107
194563	1
312967	3
258717	1
4447072	5
184765	1
177637	1
355837	40
534929	1
196349	12
3997242	1
193678	32
299807	10
509383	2
3963289	2
3304236	2
4457872	62
190605	1
4335302	1
2032782	7
4434203	1
4344213	2
43950	5
976470	6
4387488	9
548692	10
107044	16
4330852	2
336133	1
4325509	5
1084865	2
522353	28
3275934	1
395040	137
344154	1628
760350	8
343264	1
152590	1
513445	145
350392	195
207833	5
316535	49
189222	1
338910	1
295251	1
198133	3
564334	17
465433	187
276542	1
138338	7
356733	1
259614	1
581265	3
316539	132
176751	9
248923	1
293473	37
179426	1
341489	633
258725	4
288128	58
368318	3
462764	54
186555	5
269418	475
374557	486
195466	88
576914	1
258728	46
354957	1
150412	1
399606	94
158939	3
174978	43
190610	12
2921213	1
1136443	1
204171	12
4420852	5
4296211	15
712142	126
4431545	2
228330	12
303076	9
342380	3
319214	5
516126	1
308523	18
333471	43
4297107	1
351292	190
4226619	9
4296216	5
4296217	14
831641	1
4296218	3
305853	5
319219	2
822733	3
4381755	21
294370	32
277442	21
297045	1
580383	2
259623	3
110221	4
553654	1
199036	3
312986	1
259625	2
351299	21
3090117	20
332588	291
208739	215
637409	12
561676	2
364765	6
1106050	4
338926	3
381694	28
697208	5
112009	1
162005	36
320603	1
576926	5
260018	1
838281	1
230618	4
1109724	1
271705	2
828483	1
827592	9
73371	9
1107945	9
4331760	295
739387	9
4207913	1
4305923	2
344170	1
416341	83
307640	2
318332	2
522371	17
826302	30
352192	5
218542	6
575041	119
105287	5
328137	1
304971	1
199041	1
647215	308
335267	3
259631	1
111120	2
328139	3
823634	32
832545	1
276561	2
334377	1
822744	52
349624	1
555445	1
528715	1
342397	1
449417	59
188355	1
588513	3
322798	1
368338	12
584951	5
231510	3865
534957	1
266767	2
363887	6
579608	4
362997	285
3910241	1
330417	15
311707	1
291314	1
4354042	5
4404830	2
4412850	1
1726408	31
4412851	1
190638	94
190639	44
329032	1
10512	6
4357712	1
328143	1
3325758	23
4422656	25
521491	4
4470870	264
155291	1
567033	4
532187	73
10518	2
356760	186
532188	39
138368	1
197273	1
732765	3
339834	12
812956	1
832558	27
276575	3
175893	1
179457	14
185695	4
339838	10
176785	4
274795	14
311712	1
354987	7
298954	1
569818	3
640999	400
399637	78
331317	1
321517	6
232417	4
4312071	4
311718	2
194207	1
263705	1
113919	4989
261924	18
174607	4
48444	62
2835813	2
190649	9
1110135	23
1698008	50
517044	3
336174	13
328155	1
517048	1
574172	1
198170	8
797021	2
334395	1
4437917	1
566154	1
413695	3
324595	1
276580	9
455671	2
196390	51
197282	1
110250	4
359445	1
196392	1
536754	4
306778	15
332210	1
300036	3
546557	7
208769	54
215897	14
573287	2
583089	78
295296	57
543886	1
342014	1
197288	4
453896	79
195100	1
569826	11
444987	20
214603	8
562599	14
333107	3
274400	3
401717	1
113924	1
173722	1
271734	2
2137077	1
343906	3
175508	101
261935	37
271737	1
1111033	36
1021043	1
190658	9
2089068	4
3029968	32
822770	1
228374	1
860192	66
563490	2
300041	1
197290	51
515279	7
318369	1
887025	8
198184	1
257881	2
428953	3
276592	2
350041	2
342022	20
299860	2
953855	111
276597	11
571111	5
189279	2
304604	2
382220	2429
298973	2
561312	29
314406	30
660214	3
304606	1
196004	14
461524	135
220856	4
255704	1
142448	19
182643	9
293128	2
291348	1
182647	8
352829	1
174629	1
4417335	364
337080	5
525082	1
318370	27
319262	1
4403974	4
327282	1
337083	1
14106	36
4359525	1
327284	112
537661	5
198190	67
528752	3
4453976	1
575086	2
4453977	13
659831	3
4351007	2
103145	7
313521	1
568952	1
585881	5
376397	1064
572010	16
576972	1
146014	1
189288	10
313524	13
84709	2
324219	1
354612	6
195123	2
274422	65
375106	683
266405	6
310857	1
196017	2
157704	4
182653	2
194236	14
441934	2
543509	1
190673	10
183545	5
4304085	12
292248	4
245916	2
345709	1
4304087	5
167509	44
4333590	4
592616	24
190676	11
270866	252
1784461	3
450849	1
191568	14
271759	17
181768	2
4468234	1
4335376	111
4155395	2
4235585	190
307692	1
3013444	29
565292	1
589450	3
515299	10
526982	5
4030157	9
3412718	20
330460	1
547479	2
518967	190
268596	31
579658	1
530049	1
143355	3
291360	11
187114	2
265522	6
135337	1
177313	54
356404	25
356405	3
265524	46
356407	2
303739	1
155932	1
170089	110
276218	2
263744	21
274438	10
344828	82
271766	98
581933	219
270876	3
166629	6
193359	3
1109788	1
1557169	8
191579	1
4379143	5
829032	2
4315784	3
198808	1
287909	1
4315785	1
198809	12
1026524	53
4473596	2
2590430	82
308598	1
459276	25
300074	1
338992	2
4390330	11
358594	5
326013	3
243150	35
339886	26
132670	2
325126	6
187121	3
259699	10
821514	1
327900	1
188013	26
292260	39
186233	4
258404	3
195143	1
357305	7
196035	3
152278	1
247715	505
193364	371
199701	3
544419	11
174654	3
442846	1
186238	1
793109	1
166637	2
275339	87
509070	1
351967	7
594419	1
197924	150
190699	1
4474490	3
718565	1
527891	2
4483001	8
359493	1
548385	1
334040	10
4263820	1
929836	1
210095	8
215540	131
369299	1
589475	3
334044	9
206633	4
4362724	21
514028	91
366222	1
322464	9
269103	5
258412	1
322466	1
193370	1
311776	2
310886	2
523934	10
276236	40
665703	1
288810	5
351972	17
292276	3
195157	1
351975	46
289706	1
1110191	9
183579	6
199716	7070
509083	33
190303	1
4459355	1
826382	3
519880	23
190309	54
4424106	2
512250	3
341180	16
350091	1
512253	10
207532	3
4340358	234
2545906	23
331382	3
268220	100
342075	2
365341	28
258421	81
339503	1
336830	1
814406	2
339504	1
177342	1
177343	4
105964	1
571165	6
234269	1
780650	11
337724	776
188037	1
174672	2
175563	182
565921	1
195166	3
261992	18
592652	1
337727	6
192494	18
189920	40
347529	10
851935	13
168439	80
337729	199
192496	19
295952	1
1904686	2
583746	7
271799	4
198839	1
4426299	2
191205	172
816590	1
171607	108
4446898	11
3277423	4
349310	1
2127939	154
4390365	9
342085	8
553352	5
326048	70
209327	18
178242	2
368025	2
277143	3828
686211	3
333178	353
543553	38
269125	113
354662	4
577512	2
265563	9
304668	5
335952	32
631764	248
338626	3
179137	1
551575	1
336844	3
292294	3
580087	134
571178	3
174683	12
173792	91
328827	2
353775	1
567715	632
177359	186
790466	1
189936	1
4369382	1
1109422	12
296858	2
360504	2
198848	3
1105860	44817
271406	3
181417	3
191218	1
639293	1
4412541	4
180528	1
270519	11
181419	13
3785400	33
2137746	1
228043	4
359120	1
554250	1
422283	98
982030	1
276260	48
406247	26
644244	1
517722	13
891150	1
214684	1
4078527	1
1098946	2
616624	18
333189	1
259335	19
356454	13
184492	1
353782	48
1906483	2
353784	1
264684	4
509709	2
634449	73
179148	2
588216	11
179149	1
535549	7
335965	3
247757	1
184497	1
335967	6
195189	16
797704	1
557926	74
330116	267
149749	4
377946	22
300716	18
191222	1
573969	15
1055082	94
4429981	2
351607	2
271418	4
918187	2
1067660	1
4429986	5
4402751	1
828198	39
514061	7
708401	1
717312	1
2487129	8
4483046	16
269141	9
313593	1
4360983	2
428632	9
579311	5
277163	1
269145	2
347553	31
338644	753
303797	1
157772	2
851961	3
4450979	18
179157	71
195196	1
278059	1
331013	2
214699	246
587336	1
176486	5
267368	3
266478	3
319938	1
112720	1
302503	28
530700	4
835928	1
203605	1
198865	120
332901	11
263403	9
198866	73
470117	12
110945	10
1126373	1
273208	1
197979	1
292910	21
4319005	14
180547	13
3654345	1
228061	7
1076587	12
194909	17
548032	10
3589405	2
609513	12
309147	1300
4297831	2
628226	2
329741	28
1582779	1
525763	1
337762	1
365383	1
569522	1
564077	1
169364	1
178274	2
269156	367
349348	1
259357	2
586453	9
510114	1
784256	62
322114	1
196098	1
277179	30
189960	85
197980	5
289754	1
229958	39
299556	4
1749791	38
541403	1
567749	1
321228	1
192133	1
145801	128
260741	1
132338	1
351623	5
272328	6
180555	6
591405	354
1145098	1
4441084	2
1106787	1
97263	1
581609	4
1121530	1
3103114	2
4336940	168
307373	4
3475269	2
277181	1
356481	1
508842	1
216495	1
43305	2
157791	2
367176	13
208479	822
526665	3
359158	14
524884	1
187196	1
2233608	104
328866	20
346686	4
409947	5
304304	1
266497	3
179179	3
189971	1
303414	2
197991	5
197992	1
191251	36
273223	143
350741	2
274115	3
272334	12
184126	1
156505	10
260753	54
190365	3
512907	3
272338	382
4127460	353
271449	179
590527	1
194925	2
228081	1
4315468	4
2875735	20
724472	6
1111745	20
259372	90
802883	2
314110	5
516873	2
4420206	131
72820	2
31735	7
2595967	1
577562	4
337784	13
741001	3
323024	3
179188	3
347587	4
178299	1
578457	1
265211	1
305207	1
320354	8
355203	3
221454	1
183241	1
273232	2
540532	4
322138	25
352533	2
561027	2
1952	11
365008	1
264325	246
287998	5
354318	1
176118	5
840905	1
4315473	1
187807	2
349372	68
1111754	10
417981	199
4462599	1
549950	9
569552	3
508866	1
320360	1
278098	71
104740	4
346302	1
532521	2
343630	1
165430	5
302545	80
113654	1
190380	9
270571	72
270572	1
189997	1
185036	66
274136	16
372146	141
273246	148
344527	1
522727	4
110986	1
264339	1
590544	3
187812	19
562924	2
351659	1
4403691	4
590547	7
188706	1033
287608	7
194944	24
4449236	7
4483095	1
4465275	9
808244	1
3487872	1
3205714	1
686281	2
529368	1
508875	1
233052	20
579366	1
329788	1
588277	18
320373	27
423830	2
316911	16
420168	162
2182957	1
191281	1
263452	56
174353	1
566899	41
260781	2
351663	6
190392	13
554912	8
199403	95
333846	2
191287	2
197623	1
261677	2
352559	1
227819	57
292962	32
4325295	1
1139897	1
2768843	14
329790	62
728069	44
537396	3
839545	74
15728	58
510162	5
4353515	1
338301	4
326721	1
174360	1
352560	2
259006	4
732128	44
301678	2
236734	6
324943	3
268910	2
105659	2
316925	11
367813	1
621649	45
264359	1
174368	19
2855173	5
4449251	18
1656781	89
196746	1
4407278	2
816280	1
2237211	16
1111782	1
1796774	1
4471130	1
4347689	1
4471135	7
357020	119
839558	14
330193	1
208127	3
134174	3
4365109	4
311484	10
4471139	10
291090	159
309801	8
380190	36
517405	1
237631	414
4383922	1
3691538	1
114575	15
334751	5
271490	8
347226	3
357028	10
1992	31
184174	120
355246	25
369602	7
561069	2
199422	1
851634	2
342774	1
572751	10
577206	2
554931	81
185068	1
521866	3
585227	1
327629	48
342777	1
580773	1
269814	45
130214	1
197644	1
414949	12
270200	54
220206	1
188735	15
179826	10
268927	74
359809	42
1133172	5
1105552	8
1510067	2
28218	2
290804	2
4398585	70
819962	1
125270	12
609589	296
4401548	9
759378	1
405046	1
4374027	6
216155	1
338321	6
313274	5
267042	1
353470	1
266153	10
446135	257
325850	26
334761	1
175272	3
454156	1
528109	10
545038	188
168145	24
319616	1
163691	5
311499	1
356148	35
531675	2
400599	488
278731	8
198542	2
183296	97
275069	68
188741	67
264378	51
277842	5
268933	1
163696	1
271101	1
179834	1
340600	12
260410	4
188747	1
350404	6
271106	206
3154070	105
182008	2
181117	18
190028	16
1523543	18
4410461	1
192803	22
209030	1
4303545	4
305261	5
828884	3
838685	20
4432841	67
207252	21
315064	1
4094263	157
436341	2
4333943	203
4364237	75
319621	137
617216	2
114594	2
4377704	4
357046	74
574551	4
549603	2
328536	80
145883	2
364179	42
567427	1
269833	11
336559	1767
197663	1
298346	4
199445	84
876705	36
590595	51
199448	1
232800	1
383885	5
272004	24
110635	3
196777	1
152612	1
261315	1
588917	1
178959	5
382998	7
180235	39
351309	2
321907	1
4365130	20
1106468	32
193705	4
4374042	1
292607	6
306160	12
3117556	266
4364242	2
4364243	4
207262	3
13986	3
4403349	335
4374046	186
303491	35
348142	1
913036	1
3486634	38
265280	1
569210	2
275082	2
356164	29
349036	6
586141	90
4396426	1
338345	1
345473	1
355275	1
327656	3
338348	47
199451	21
4376828	13
302204	1
324985	2
278753	9
295683	1
358944	1
157479	31
352202	1
186984	1
296577	3
289449	1
342403	3
278758	7
342404	7
263106	9
352207	2
332608	509
2879379	6
184803	2
273904	2
590209	12
1122110	29
4408801	1
4314257	1
716131	1
4314258	1
13995	7
216184	55
533480	3
623471	4
516553	1
615455	2
305288	14
176193	1
514773	1
539820	97
4474844	80
259056	36
337465	12
830189	1
326774	41
646743	2
533488	3
449833	4
337468	1
668129	2
289454	4
308957	3
272020	52
589822	15
550013	26
268964	2
1084906	8
295696	11
276985	23
189667	68
182033	103
323702	26
352215	1
182034	2
279659	50
650800	13
164216	2
293511	1
182037	4
3449121	2
261337	48
360238	594
175901	1
270248	1
271139	1
350438	1
390633	3
4413164	1
191945	1
839200	3
192839	22
356180	1
207284	22
509433	63
543291	32
355291	839
318764	36
772384	26
578147	4
549635	1087
531310	1
268971	8
110660	2
585277	2
532203	5
312027	2
538947	2
289467	10
452014	440
310247	1592
343313	62
1108270	34
197696	1
182044	435
276996	46
190063	3
136604	4
170462	2
154424	4
260454	1
175910	3
195512	6
371930	6653
260456	173
331737	30
183932	1
290852	1
77371	13
275707	7
273928	1
4464065	2
2781880	1
4321001	653
191958	28
338372	1
4309927	1
308970	4
528157	4
1111448	62
516576	2
578155	2
288581	49
287691	4
189681	73
198592	5
513500	1
228787	83
320055	1
158399	2
584396	1
269873	1
842786	10
576377	69
584397	1
772398	19
174033	1
353124	2
182052	5
340650	9
325503	57
298388	17
550037	1
343326	1
270264	1
362037	228
530437	1
589848	9
231952	10
3529330	23
4316063	1
185722	3
1109178	18
265912	10
177704	1
292643	3
355905	11
1106101	82758
3528445	3
4316067	14
294429	2
4455163	1
1737536	19
4256470	12
273937	13
537070	1
3528448	1
4326861	43
4387551	1
509452	1
807046	1193
4365178	1
338382	2
4482891	4
214030	2
309873	2
229683	122
299281	4
214031	75
4310326	560
755474	10
516588	3
359872	2005
353130	2
353131	20
182061	5
213147	92
269886	1
514405	2
336205	1
164242	3
541135	9
245324	335
263144	33
582222	4
510843	1
198201	1
182065	1
188402	7
261365	12
4406061	1
167910	2
531339	10
583117	11
462832	4
186623	3
342449	34
970805	432
1845355	46
266817	1
184845	4
2617854	2
17598	1
4456065	2
176828	1
3257594	2
191978	1
4435575	5
839233	5
319681	80
338396	5
389282	10
269890	1
1085832	1
30569	12
548775	237
299295	119
157121	1
106235	1
147321	1
702414	1
531342	3
271170	11
336214	1
227512	2
522433	59
532235	9
297111	10
345126	73
662422	2
524219	2
277512	1
370077	71
186630	7
313945	1
276622	46
197324	1
1629740	159
195543	128
2985051	121
466409	4
197327	7
176836	1
347908	1
4437362	12
177727	4
2119695	8
194656	89
1105232	4
1530340	34
1107018	59
1113256	24
4366089	2
658370	177
48899	4
349096	1
56512	1
2075740	2
568383	4
409686	2
312062	2
518389	5
577294	149
311172	1
4341633	64
361170	736
304047	18
513532	1
301375	1
584020	101
511751	4
2360869	1
353155	1
851323	21
317515	137
105358	61
158027	20
263165	85
318408	1
333555	1
271185	10
197331	7
563532	12
576007	3
265940	12
171396	28
275743	1
231985	5
183970	1
188427	1
275746	339
194665	4
100506	3
585914	25
274857	4
194667	50
273967	23
1107027	333
1579962	4
99793	10
2134452	6
837473	1
1551841	3
703321	1
302273	2
301382	36
300491	3
303165	4
328212	2
559488	3
343361	1
354054	1
271191	2
558599	18
322870	40
4384516	12
368412	1
4390754	1
268620	2
331782	483
344256	59
288223	6
101400	2
355940	6
194670	14
366633	4
305946	11
266841	283
172296	9
324658	1
197344	1
357724	2
331786	28
339905	1
197346	1
453955	2
198238	1
591169	1
277537	2
366638	3
151401	7
4329571	12
183985	16
175967	5
519290	72
4329575	6
3568684	4
191602	1
1112389	17
270908	3
3887769	9
534042	28
436032	111
516223	9
827689	4
353173	65
298031	6
326444	3
622256	623
524249	1
348821	21
295361	241
297143	5
345158	8
198243	1
325557	1
343378	2
176860	14
267743	40
199137	21
175972	3
296257	1
455746	17
198248	3
708190	237
176868	5
1113282	438
3648884	9
4371060	7
4299396	1
820061	1
337141	1
99414	7
4414725	693
525142	32
4456702	14
518016	1
309524	196
359520	1
278440	4
338039	1
158057	2
542078	1
755126	9
295370	37
269532	1
367542	9
198252	12
266860	1
323786	4
267752	6
975306	1
694641	1
276663	330
555547	4
572476	754
194692	231
429917	1
179547	3
197367	32
188457	32
179549	107
348839	6
176877	2
258849	2
593965	2
273997	2
1107057	1
2415144	1
230725	161
271811	2
585949	13
3206355	8
192515	2
3693042	2
304080	13
181826	8
820070	1
1111115	2
4357811	1
248053	22
264093	4
4295444	7
318445	1
353194	20
246274	1
318446	2
353195	6
649107	6
3293886	3
301012	3
313992	8
563572	31
229348	4
344288	1
592086	1
136686	1
295384	2
315779	1
586841	1
359538	1
288258	1
321610	4
274893	16
573379	1
341213	128
641987	1
111237	1
265985	6
342105	205
302902	2
176886	1
299943	1
510505	200
267769	13
350127	32
593977	5
352902	1
161238	35
560505	1
271822	99
182723	6
183619	2
4435236	1
4394350	99
4341683	1
2497335	17
93099	32
2212505	1
1031932	1
337167	281
336276	5
407556	29
198271	1
305983	1
336277	2
354097	8
512695	70
427159	16
816626	4
325586	6
147387	1
324696	1
808609	12
166099	122
148279	1
