586355	2
995425	1
471412	1
16370	2
164413	4
199716	1
303809	2
1111582	244
1026498	1
4329215	12
1960016	1
4416988	118
854050	1
4232045	5
1053321	2
4335457	17
529233	1
818369	2
4322535	1
67813	11
848315	1
746246	22
637049	1
4454507	3
844303	1
104622	3
513646	1
334555	2
780650	5
4200918	2
197398	12
189920	3
1109362	8
289714	17
167999	20
444649	7
4305062	1
993705	1
2850580	2
171559	8
3876673	34
1039477	5
580629	43
1088134	3
190815	1
524292	2
503354	1
1089979	1
553352	12
592160	24
1096706	4
220012	6
337735	1
563654	20
581474	6
541328	6
572117	3
114936	1
3588390	1
791406	1
919562	1
1089033	2
1085020	52
1083194	7
944063	1
798490	1
1057402	18
219088	2
4483035	1
305561	10
804621	1
1110317	1
1696859	1
458474	2
935658	1
427239	1
326558	2
568118	20
128801	1
876009	6
588216	34
354225	9
335967	7
782953	20
364029	9
303838	17
295478	9
160432	1
1935544	1
4432154	1
4378353	1
1105876	1
76751	2
309133	9
1013657	3
918733	1
528421	3
4337815	5
1070334	44
816219	1
533277	2
109107	3
326116	1
725834	17
626438	1
103314	1
525805	1
157327	3
292364	1
156438	2
870724	1
582932	1
1124095	8
657181	14
1059655	5
219151	15
808202	1
15129	4
938794	7
538185	4
4326635	2
3998428	1
194909	2
817115	28
109111	28
888055	1
109112	34
1102814	1
1010548	25
436168	1
963344	1
589124	3
1070347	2
405425	2
335984	3
992354	14
798568	1
843459	14
356523	1
789659	1
301578	15
369449	4
586458	1
141244	1
797229	23
342666	1
575768	5
288912	6
4406781	6
550814	5
132837	102
1011396	3
1098473	37
591907	12
1111689	1
4446538	3
669771	14
1147925	1
4315958	142
969149	3
1081541	2
4340953	1
960682	4
1071699	1
560075	15
912967	1
295053	2
711998	2
186352	5
350242	6
694774	1
661259	1
205904	7
331537	2
171157	2
11080	3
586968	14
572208	1
4333280	2
4307897	5
1089121	45
939252	1
1722623	1
1105502	1
4300310	1
1055212	1
2875735	1
1052540	17
527065	1
1020410	1
301093	1
1000269	1
995040	1
338222	1
1081058	2
888575	12
528952	5
1140756	2
698795	31
780261	20
539647	9
556126	1
967427	27
301149	4
165421	9
565537	1
439908	10
243339	2
198449	1
1733274	1
1007452	1
211706	14
4447394	3
280369	1
1117992	4
4448331	2
1000273	1
4448334	4
4446058	2
1108638	2
1126459	1
318583	4
526682	8
1041410	1
1065974	1
4336516	5
71894	2
356052	1
887694	1
64317	2
1092300	3
695185	2
624246	2
1060621	30
1097208	73
368134	4
879723	1
275472	1
1042805	9
1084738	2
562376	4
4382956	1
258548	1
288447	2
287558	2
349929	1
137816	4
2749126	1
4425571	2
17444	32
380713	2
4419788	9
1112200	4
96451	2
327050	1
4451011	1
4468897	15
2200116	1
1142554	4
4424239	5
667570	2
3773438	1
4322712	81
1056626	11
578022	6
656881	2
856510	1
523078	1
1062865	1
759349	1
412145	13
70116	2
535159	1
424721	1
777667	44
441155	17
199354	9
347704	8
1125081	1
157428	3
223307	6
590554	1
4313261	1
1134043	1
3799784	2
1105984	1
4108335	1
53098	1
4457268	1
1088265	32
4399453	1
528484	1
2273298	30
309696	3
4471122	5
1033413	1
4451477	1
537894	1
1063810	2
574021	5
861375	12
523589	7
453740	12
890882	4
526804	3
295146	1
372213	1
930926	1
162335	1
192684	1
4307484	1
366926	6
470724	4
4428313	1
4339214	2
1027587	37
707087	1
1682176	5
4405546	1
1041394	5
617098	5
1124305	1
1079866	3
301184	1
1078527	1
1090059	19
1030307	5
851630	1
516966	1
344057	1
820346	2
224212	42
355695	2
568744	1
221045	28
868615	9
833317	2
657845	1
354850	3
184174	6
1082539	14
853416	2
4390108	1
353017	1
791998	2
4417582	1
340547	5
350349	15
1107784	1
354905	44
4405100	1
4317794	5
289918	9
1111294	19
1028036	1
1107335	2
4408227	1
1059772	4
4303981	2
166908	1
1108679	2
1667535	3
1740498	1
12574	15
1023134	1
17976	1
4320462	5
4426998	1
89853	2
338273	2
1050411	2
207741	1
712047	1
333373	1
4440404	118
3163524	1
329865	15
559843	1
404204	2
133341	62
565136	49
981783	1
345951	4
193591	1
219826	56
321796	1
566976	4
239924	1
571873	1
166911	3
172202	3
590136	16
894969	1
83070	1
1037951	6
525391	1
577170	50
827497	27
4373642	1
1076316	3
710275	2
1055824	1
521384	28
995155	3
656520	4
101175	1
820367	2
92535	11
942534	2
942536	1
567427	12
173100	1
165489	1
197214	1
289933	3
383885	9
1129680	1
2774170	14
1951283	2
567928	1
561636	2
340614	1
4306177	9
1047760	1
517381	14
818144	4
1058950	2
958584	1
638661	3
586093	4
339231	2
518775	3
943389	1
4312969	1
517436	9
867304	3
886016	1
611931	1
338845	1
697578	36
100344	5
582630	1
224745	2
816919	1
294794	1
543824	5
153518	1
1048661	4
1054451	4
4412268	1
1075891	65
1111874	1
519673	4
545061	2
976010	18
927402	1
4062650	2
934488	7
4296149	1
877565	1
589277	12
166890	1
1094701	1
894045	1
219900	1
113773	2
893157	1
1084906	17
571004	1
269901	17
3943182	1
288614	1
590168	10
572843	12
4316042	1
4301298	6
1033473	4
1636835	1
4375000	3
829851	2
318764	1
9665	2
1084865	21
548699	6
1020605	1
553595	1
4297549	2
513445	11
403853	44
988602	2
4365707	1
2000709	6
356733	1
331688	1
740305	4
253776	7
298427	8
4407432	1
608293	5
1098184	3
4347840	1
614083	2
4321001	5
4387542	2
4399621	1
92123	22
532163	79
917626	3
4343834	3
889215	2
143690	2
335256	1
705967	1
1092944	5
551871	7
630225	1
637409	2
1108282	7
553208	1
560336	47
265868	1
1108289	4
162955	8
2874058	1
59566	4
828483	1
14962	1
509452	2
1111456	2
3534735	1
348680	2
928776	5
95300	32
10952	105
936796	1
754088	1
1097359	7
703741	7
306259	1
72536	2
1080874	1
363383	1
587574	3
697211	1
567972	28
541135	30
444962	9
581782	3
128604	245
744835	1
1106060	6
261860	1
294885	1
373689	6
787709	13
1009894	10
627071	43
4338003	24
3439403	1
828043	20
908233	3
15368	1
832050	1
1127109	1
4357712	1
711275	2
637421	1
1070584	11
1078207	15
562084	1
921653	1
509516	1
557235	1
532232	5
4380886	2
521994	1
516648	1
238205	14
521996	1
168313	3
572882	7
593376	1
798857	1
851811	46
191483	6
772515	1
298954	11
564914	6
960519	1
1109247	1
142429	1
816470	112
1101177	60
4430680	1
1066089	1
33696	1
4475784	1
56512	6
4306836	1
706432	18
1111525	1
4350499	7
949789	1
1084952	3
2191123	1
329997	2
300487	3
1089908	1
342014	1
520215	3
573338	3
220844	1
269509	1
585869	16
332718	4
1107027	1
1105696	1
15432	1
4449458	13
1103964	2
327271	1
73000	2
1110598	2
4404405	1
4479405	2
628982	3
316132	1
646353	2
4313979	48
1036749	1
928406	2
103132	6
2053922	25
248521	1
138389	1
359502	1
523798	3
688831	1
783224	5
4337090	3
593894	3
141105	4
1126691	4
352825	1
4323284	1
2775244	4
2499530	3
3465320	1
1099674	35
1087597	7
74354	7
4334479	1
3887769	1
1059977	10
4395661	1
1001007	1
955594	1
818777	3
834366	1
817888	1
752440	4
137056	2
1041659	1
851794	1
683891	1
1086805	2
288235	1
176410	1
167951	8
375059	14
751601	1
496787	2
560886	1
1995182	22
137609	34
580539	1
3323110	1
4371060	1
1098340	10
15458	1
845561	3
959169	1
814277	2
4376963	19
312140	1
4299448	11
228894	1
4380971	103
1097955	1
965500	14
868337	1
549756	2
1076969	134
891054	1
138500	1
272150	22
773399	4
1051517	4
826904	2
175485	1
893335	1
580990	2
241368	2
870118	3
571589	3
157716	1
1110174	1
308095	4
40011	1
1084045	2
4371571	3
4297222	120
516198	5
498081	1
875470	1
724298	1
2510538	1
225284	24
797560	1
72643	3
4331876	3
4452700	1
208357	1
106334	11
515853	11
133065	24
529219	1
132670	10
788205	2
569912	1
737816	1
573379	13
294497	1
540856	2
1934562	1
1148153	3
808051	1
197924	1
1034052	1
939084	1
1109844	14
3439964	1
1067574	9
1056389	1
2896107	1
1098410	24
867010	1
75279	5
277071	13
818854	2
641490	1
4384058	11
1041236	1
1099802	2
4483006	1
304641	2
594370	38
555562	80
927604	1
553330	2
465079	1
635304	1
