270391	4
434336	1
348404	1
260140	2
921813	1
323403	2
211039	1
198774	5
288810	1
342612	1
4349261	1
341724	2
1110191	5
1106683	1
199716	1
383659	2
4327881	1
1111580	1
162639	1
405780	1
584083	1
4370257	3
355494	1
300143	1
4334618	1
258421	4
365297	1
228479	1
339503	1
105964	2
337724	2
352378	1
100567	1
214715	1
337729	2
583746	1
274965	2
520827	2
4426299	17
1108974	2
529192	3
32471	1
1067143	1
290559	1
580629	2
171607	1
4340361	1
4356004	1
259271	2
2438948	3
766351	1
339013	1
366195	1
408513	3
553352	3
410242	2
592160	1
686211	1
277143	247
333178	1
265563	1
327439	1
899714	1
338626	1
571178	1
185420	2
161762	1
4309131	1
260663	2
1106254	3
1105860	1850
1857626	2
1110312	1
370809	6
827794	2
529258	1
4483037	1
422283	1
406247	1
313089	1
517722	3
469663	2
1131759	1
279431	3
322991	5
586387	3
356454	5
570341	1
276312	1
264731	4
335967	5
161277	1
831409	2
593117	1
264734	1
145737	1
267905	1
158709	1
351607	2
514061	5
339031	1
3998912	2
269093	3
428632	3
308249	1
113111	1
569017	2
307900	1
333695	1
167078	1
522138	1
214699	1
610842	1
571242	5
188113	2
275882	3
296420	1
350224	3
182771	1
361864	1
168517	1
175646	2
273657	1
273705	1
589071	1
46910	1
347063	1
345282	1
1028915	1
519478	1
232072	1
628226	1
267373	2
579278	1
332364	2
541354	1
346720	21
843459	1
197980	2
111344	2
158722	1
135952	38
831922	2
350188	2
550814	1
4367187	1
97263	1
1108617	8
24546	1
419245	1
4299126	1
216495	1
508842	1
310491	1
208479	1
1054318	10
529789	4
2233608	2
278123	2
304304	1
152394	1
521313	1
186352	2
350242	4
782984	1
484444	1
276798	3
205904	1
274115	2
269715	1
511969	1
396239	2
334705	2
586968	1
390896	1
272338	20
562408	2
1105454	9
308322	1
798581	10
401384	2
716006	5
888575	1
300253	1
347587	8
323024	1
348027	1
556126	2
320354	1
452823	2
875709	2
261208	23
728991	1
4483585	2
266060	3
417981	1
356052	1
657266	6
321251	1
356550	1
356055	1
681370	21
359720	1
101572	6
165430	1
588315	2
462585	18
169897	1
196672	1
270571	1
363731	1
264787	1
273246	3
344527	1
272401	1
174842	1
3358073	1
161423	1
192664	1
1106364	12
4449236	1
42395	22
328391	1
327050	4
1110378	4
566391	1
339133	1
279492	1
4334746	1
349431	1
688067	1
607825	2
520004	1
264298	1
344489	1
340474	2
264795	1
566899	1
261177	1
350277	1
190392	4
195343	1
346769	2
311515	22
276425	10
314639	1
320876	1
575407	1
355728	5
1105984	1
517293	1
830080	8
786081	1
838200	1
439880	1
529377	1
158273	2
338258	4
416215	11
245595	2
261183	2
268410	1
174361	1
211234	3
450576	1
443945	6
277329	2
196249	1
326180	1
4430497	1
921020	1
206790	1
839558	1
523099	1
772282	2
380190	1
291090	1
189076	11
844006	1
586562	2
516966	1
353012	2
351231	1
354850	4
189127	3
345448	3
211743	2
345944	1
620319	1
262633	1
340547	1
263976	1
270158	2
294315	2
350349	2
359809	2
214919	4
354905	5
343719	1
2901965	1
272938	11
290308	1
270707	2
608244	1
4453773	8
813220	1
304360	1
609589	1
4095596	1
325850	1
510683	1
356144	4
545038	1
587510	5
400599	1
193591	1
792399	1
347735	1
297897	1
251456	7
185127	1
271106	9
462727	1
276509	3
1106006	6
4432841	45
229088	1
217100	1
579452	1
312440	1
516987	1
85903	3
234488	1
433676	1
177113	1
343686	1
364179	3
277400	1
1129180	1
269833	13
461795	2
276513	1
383885	10
264437	1
196777	1
198604	1
158906	1
275627	20
270722	2
195934	1
1106468	1
4364242	2
204093	1
4395530	2
4379449	1
1104739	1
324482	1
833795	1
511594	1
356164	1
269342	1
44827	9
277364	1
4376828	4
330772	2
278753	1
870421	7
567437	3
275631	1
515707	4
264940	4
851715	28
4329450	43
191432	1
2879379	1
749151	1
1105589	1
720093	2
308451	1
1110037	20
305330	1
214450	1
1110988	13
539820	1
4474844	5
4401628	4
346870	1
589277	6
337465	1
276484	1
533488	3
113278	1
336579	1
272020	3
358007	2
337966	1
276985	1
260397	1
269902	2
590168	2
313908	1
531808	1
4457872	1
4301298	2
4379961	134
4446732	190
392918	11
976470	1
355291	1
805699	1
288075	1
610111	1
259564	1
344154	3
395040	1
112891	1
4056429	2
276044	1
375892	1
646800	1
276046	32
847728	1
511216	1
310247	2
105813	1
462764	1
269418	1
154424	1
374557	66
150412	1
399606	12
581814	1
4349573	1
4422580	1
191502	1
1136443	2
66188	1
309363	2
356192	1
228330	48
288581	1
269378	1
269873	1
340650	1
553654	1
637409	1
511229	1
574644	2
1106050	1
193242	1
268538	1
560336	3
292643	1
3528445	1
838281	1
1737536	1
4435561	1
1109724	2
2897325	1
180826	1
1107945	2
807046	3
446691	1
4310326	58
352192	1
703741	3
2883968	1
575041	1
448025	1
307643	1
359872	1
568410	2
335267	1
823634	1
213147	1
584001	1
164242	1
541135	2
449417	1
176321	1
721569	1
510843	2
231510	1
290371	1
534957	1
555945	2
262752	1
290420	1
372348	17
1123492	1
17598	1
1062061	1
4217226	3
1720567	1
1106614	1
319681	12
521491	1
514363	1
314284	1
519765	1
346461	1
1085832	4
299295	3
165591	2
147321	4
320121	1
197273	1
583572	1
182073	1
230132	1
321960	1
339838	1
383992	1
370077	1
277512	1
565801	1
530502	35
377756	2
111138	1
195543	1
4425280	16
399637	11
277967	1
460611	1
466409	1
232417	2
321517	1
270786	1
172777	3
1105232	1
113919	5
47100	1
1107018	2
1105687	1
1113256	1
2835813	1
658370	1
190649	1
48899	1
309441	1
414089	3
361170	1
584020	3
536754	1
712677	2
347367	1
397363	1
348304	3
317515	1
331772	1
559527	1
295296	1
342014	2
263662	1
343853	1
562599	3
214603	2
279306	1
395587	23
278912	2
193279	8
173722	1
1107027	1
261935	3
271737	1
1016598	1
99793	1
404292	1
327272	1
822770	5
239562	1
887025	1
428953	2
300990	1
195061	2
953855	1
276597	6
571111	1
259218	1
276149	1
367977	1
339905	1
194673	1
461524	30
1108377	1
274912	53
519290	69
1108422	3
278928	2
1105751	1
1110650	1
1112389	1
415491	1
327282	1
4064550	1
336691	1
430194	2
353173	1
321493	1
622256	3
157154	2
411486	2
585881	1
277047	2
591671	1
216902	1
332732	2
127309	1
4308591	2
375106	3
276701	1
484304	16
164788	3
708190	3
441934	2
1113282	2
592616	1
4358599	1
3013444	5
820061	2
349175	1
413275	61
309524	1
3412718	1
549756	7
577377	5
694641	1
592572	2
114348	1
574302	2
356405	1
270375	9
584107	1
344329	2
170089	16
593965	1
353737	1
581933	1
4307265	1
1107057	3
519864	1
459276	3
4390330	1
3293886	1
313992	1
277066	23
524313	1
132670	1
292260	1
223059	5
463289	1
357305	1
208409	1
335426	1
326968	1
672776	1
2901240	1
247715	1
185840	1
510505	3
271277	13
341713	1
275339	2
513080	1
93099	1
515362	1
579174	1
325085	1
548385	1
259251	3
336276	2
301022	1
345231	1
277120	1
206633	2
